Bruker Nano GmbH Berlin, Germany
Esprit 2.x

Date: 8/21/2023 3:44:22 PM
Real time: 49363
Life time: 49111
Pulse density: 5691

Primary energy: 10
Beam current: -1
Take off angle: 35
Tilt angle: 0
Azimut angle: 45

Detector type: Custom type
Window type: slew AP3.3
Detector thickness: 0.45
Si dead layer:0

Calibration, lin.: 4.998
Calibration, abs.: -477.257
Mn FWHM: 124.4
Fano factor: 0.109
Channels: 2040

Energy Counts
-0.4773    0
-0.4723    0
-0.4673    0
-0.4623    0
-0.4573    0
-0.4523    0
-0.4473    0
-0.4423    0
-0.4373    0
-0.4323    0
-0.4273    0
-0.4223    0
-0.4173    0
-0.4123    0
-0.4073    0
-0.4023    0
-0.3973    0
-0.3923    0
-0.3873    0
-0.3823    0
-0.3773    0
-0.3723    0
-0.3673    0
-0.3623    0
-0.3573    0
-0.3523    0
-0.3473    0
-0.3423    0
-0.3373    0
-0.3323    0
-0.3273    0
-0.3223    0
-0.3173    0
-0.3123    0
-0.3073    0
-0.3023    0
-0.2973    0
-0.2923    0
-0.2873    0
-0.2823    0
-0.2773    0
-0.2723    0
-0.2673    0
-0.2623    0
-0.2573    0
-0.2523    0
-0.2473    0
-0.2423    0
-0.2373    0
-0.2323    0
-0.2273    0
-0.2223    0
-0.2173    0
-0.2123    0
-0.2073    0
-0.2023    0
-0.1973    0
-0.1923    0
-0.1873    0
-0.1823    0
-0.1773    0
-0.1723    0
-0.1673    0
-0.1624    0
-0.1574    0
-0.1524    0
-0.1474    0
-0.1424    0
-0.1374    0
-0.1324    0
-0.1274    0
-0.1224    0
-0.1174    0
-0.1124    0
-0.1074    0
-0.1024    0
-0.0974    0
-0.0924    0
-0.0874    0
-0.0824    0
-0.0774    2
-0.0724    2
-0.0674    5
-0.0624   16
-0.0574   26
-0.0524   76
-0.0474  174
-0.0424  368
-0.0374  687
-0.0324 1231
-0.0274 2027
-0.0224 3175
-0.0174 4456
-0.0124 5459
-0.0074 6596
-0.0024 7187
 0.0026 7210
 0.0076 6498
 0.0126 5434
 0.0176 4398
 0.0226 3043
 0.0276 1992
 0.0326 1255
 0.0376  729
 0.0426  387
 0.0476  159
 0.0526   97
 0.0576   31
 0.0626   11
 0.0676    6
 0.0726    2
 0.0776    1
 0.0826    1
 0.0876    0
 0.0926    0
 0.0976    0
 0.1026    0
 0.1076    0
 0.1126    0
 0.1176    0
 0.1226    9
 0.1276   64
 0.1326   98
 0.1376   73
 0.1426   72
 0.1476   70
 0.1526   65
 0.1576   63
 0.1626   55
 0.1675   60
 0.1725   61
 0.1775   60
 0.1825   61
 0.1875   63
 0.1925   67
 0.1975   52
 0.2025   62
 0.2075   71
 0.2125   82
 0.2175   92
 0.2225  122
 0.2275  186
 0.2325  271
 0.2375  327
 0.2425  437
 0.2475  580
 0.2525  736
 0.2575  900
 0.2625 1068
 0.2675 1173
 0.2725 1191
 0.2775 1242
 0.2825 1271
 0.2875 1133
 0.2925  948
 0.2975  781
 0.3025  610
 0.3075  469
 0.3125  347
 0.3175  252
 0.3225  178
 0.3275  121
 0.3325   86
 0.3375   68
 0.3425   56
 0.3475   59
 0.3525   66
 0.3575   78
 0.3625   90
 0.3675   85
 0.3725  102
 0.3775  109
 0.3825  131
 0.3875  128
 0.3925  122
 0.3975  138
 0.4025  120
 0.4075  115
 0.4125  124
 0.4175  118
 0.4225  129
 0.4275  152
 0.4325  171
 0.4375  183
 0.4425  224
 0.4475  250
 0.4525  291
 0.4575  388
 0.4625  498
 0.4675  683
 0.4725  908
 0.4775 1318
 0.4825 1812
 0.4875 2397
 0.4925 3170
 0.4975 4000
 0.5024 4953
 0.5074 5836
 0.5124 6579
 0.5174 7103
 0.5224 7528
 0.5274 7444
 0.5324 7270
 0.5374 6584
 0.5424 5768
 0.5474 4888
 0.5524 3905
 0.5574 3029
 0.5624 2174
 0.5674 1582
 0.5724 1109
 0.5774  685
 0.5824  458
 0.5874  283
 0.5924  183
 0.5974  163
 0.6024  116
 0.6074   99
 0.6124  104
 0.6174   90
 0.6224   97
 0.6274   78
 0.6324   71
 0.6374   84
 0.6424   78
 0.6474   82
 0.6524   96
 0.6574   97
 0.6624  117
 0.6674  106
 0.6724  111
 0.6774  111
 0.6824  120
 0.6874  122
 0.6924  164
 0.6974  163
 0.7024  133
 0.7074  142
 0.7124  155
 0.7174  155
 0.7224  147
 0.7274  157
 0.7324  161
 0.7374  136
 0.7424  116
 0.7474  116
 0.7524  134
 0.7574  108
 0.7624   96
 0.7674   91
 0.7724  101
 0.7774   88
 0.7824  110
 0.7874  107
 0.7924   84
 0.7974  108
 0.8024  115
 0.8074  104
 0.8124   96
 0.8174  100
 0.8224  104
 0.8274  112
 0.8324  107
 0.8373  106
 0.8423   98
 0.8473  117
 0.8523  106
 0.8573  102
 0.8623  120
 0.8673   96
 0.8723  108
 0.8773  109
 0.8823  104
 0.8873  116
 0.8923  104
 0.8973   97
 0.9023  105
 0.9073  102
 0.9123  115
 0.9173   92
 0.9223  120
 0.9273  125
 0.9323  134
 0.9373  137
 0.9423  136
 0.9473  115
 0.9523  149
 0.9573  142
 0.9623  123
 0.9673  117
 0.9723  148
 0.9773  194
 0.9823  203
 0.9873  244
 0.9923  253
 0.9973  345
 1.0023  417
 1.0073  515
 1.0123  590
 1.0173  662
 1.0223  759
 1.0273  909
 1.0323  956
 1.0373 1017
 1.0423 1054
 1.0473 1099
 1.0523 1061
 1.0573 1005
 1.0623  914
 1.0673  831
 1.0723  698
 1.0773  633
 1.0823  509
 1.0873  447
 1.0923  363
 1.0973  274
 1.1023  236
 1.1073  179
 1.1123  172
 1.1173  164
 1.1223  119
 1.1273  134
 1.1323  149
 1.1373  125
 1.1423  116
 1.1473  115
 1.1523  123
 1.1573  121
 1.1623  121
 1.1672  108
 1.1722  118
 1.1772  105
 1.1822  129
 1.1872  118
 1.1922  139
 1.1972  129
 1.2022  128
 1.2072  146
 1.2122  142
 1.2172  172
 1.2222  162
 1.2272  160
 1.2322  165
 1.2372  206
 1.2422  195
 1.2472  199
 1.2522  212
 1.2572  218
 1.2622  241
 1.2672  203
 1.2722  179
 1.2772  192
 1.2822  215
 1.2872  203
 1.2922  176
 1.2972  149
 1.3022  140
 1.3072  152
 1.3122  138
 1.3172  143
 1.3222  123
 1.3272  113
 1.3322  144
 1.3372  121
 1.3422  109
 1.3472  113
 1.3522  112
 1.3572  117
 1.3622   97
 1.3672  123
 1.3722  132
 1.3772  128
 1.3822  124
 1.3872  117
 1.3922  140
 1.3972  136
 1.4022  138
 1.4072  143
 1.4122  186
 1.4172  218
 1.4222  235
 1.4272  297
 1.4322  353
 1.4372  464
 1.4422  543
 1.4472  634
 1.4522  766
 1.4572  853
 1.4622  973
 1.4672 1089
 1.4722 1247
 1.4772 1302
 1.4822 1354
 1.4872 1374
 1.4922 1405
 1.4972 1398
 1.5021 1373
 1.5071 1290
 1.5121 1110
 1.5171 1016
 1.5221  888
 1.5271  711
 1.5321  618
 1.5371  537
 1.5421  451
 1.5471  397
 1.5521  334
 1.5571  285
 1.5621  254
 1.5671  205
 1.5721  172
 1.5771  164
 1.5821  149
 1.5871  147
 1.5921  124
 1.5971  116
 1.6021  115
 1.6071  114
 1.6121  113
 1.6171  109
 1.6221  110
 1.6271   99
 1.6321  112
 1.6371  134
 1.6421  161
 1.6471  163
 1.6521  194
 1.6571  236
 1.6621  322
 1.6671  415
 1.6721  533
 1.6771  699
 1.6821  880
 1.6871 1099
 1.6921 1389
 1.6971 1765
 1.7021 2225
 1.7071 2583
 1.7121 3032
 1.7171 3388
 1.7221 3754
 1.7271 4157
 1.7321 4381
 1.7371 4549
 1.7421 4689
 1.7471 4571
 1.7521 4403
 1.7571 4206
 1.7621 3825
 1.7671 3529
 1.7721 3134
 1.7771 2664
 1.7821 2246
 1.7871 1968
 1.7921 1619
 1.7971 1292
 1.8021 1051
 1.8071  861
 1.8121  681
 1.8171  540
 1.8221  472
 1.8271  417
 1.8321  366
  1.837  319
  1.842  283
  1.847  252
  1.852  224
  1.857  217
  1.862  206
  1.867  180
  1.872  153
  1.877  149
  1.882  138
  1.887  117
  1.892  103
  1.897   99
  1.902   89
  1.907   81
  1.912   76
  1.917   79
  1.922   67
  1.927   54
  1.932   63
  1.937   71
  1.942   69
  1.947   67
  1.952   66
  1.957   75
  1.962   66
  1.967   64
  1.972   72
  1.977   71
  1.982   66
  1.987   63
  1.992   70
  1.997   65
  2.002   62
  2.007   63
  2.012   69
  2.017   78
  2.022   73
  2.027   65
  2.032   73
  2.037   81
  2.042   70
  2.047   66
  2.052   62
  2.057   61
  2.062   57
  2.067   54
  2.072   57
  2.077   61
  2.082   63
  2.087   66
  2.092   59
  2.097   55
  2.102   62
  2.107   58
  2.112   49
  2.117   56
  2.122   64
  2.127   61
  2.132   51
  2.137   56
  2.142   66
  2.147   61
  2.152   63
  2.157   64
  2.162   58
 2.1669   54
 2.1719   55
 2.1769   56
 2.1819   60
 2.1869   54
 2.1919   64
 2.1969   68
 2.2019   56
 2.2069   55
 2.2119   54
 2.2169   50
 2.2219   53
 2.2269   56
 2.2319   59
 2.2369   52
 2.2419   59
 2.2469   72
 2.2519   68
 2.2569   65
 2.2619   71
 2.2669   63
 2.2719   63
 2.2769   65
 2.2819   57
 2.2869   60
 2.2919   64
 2.2969   65
 2.3019   57
 2.3069   54
 2.3119   58
 2.3169   66
 2.3219   68
 2.3269   70
 2.3319   65
 2.3369   54
 2.3419   57
 2.3469   63
 2.3519   57
 2.3569   58
 2.3619   55
 2.3669   45
 2.3719   59
 2.3769   60
 2.3819   59
 2.3869   48
 2.3919   45
 2.3969   48
 2.4019   57
 2.4069   56
 2.4119   63
 2.4169   52
 2.4219   49
 2.4269   57
 2.4319   46
 2.4369   53
 2.4419   60
 2.4469   55
 2.4519   59
 2.4569   63
 2.4619   48
 2.4669   54
 2.4719   55
 2.4769   58
 2.4819   53
 2.4869   54
 2.4919   44
 2.4969   41
 2.5018   53
 2.5068   48
 2.5118   54
 2.5168   56
 2.5218   48
 2.5268   52
 2.5318   49
 2.5368   53
 2.5418   49
 2.5468   46
 2.5518   49
 2.5568   50
 2.5618   48
 2.5668   53
 2.5718   63
 2.5768   48
 2.5818   58
 2.5868   59
 2.5918   61
 2.5968   61
 2.6018   64
 2.6068   64
 2.6118   72
 2.6168   67
 2.6218   57
 2.6268   55
 2.6318   53
 2.6368   61
 2.6418   67
 2.6468   50
 2.6518   57
 2.6568   51
 2.6618   41
 2.6668   43
 2.6718   68
 2.6768   55
 2.6818   51
 2.6868   47
 2.6918   48
 2.6968   56
 2.7018   46
 2.7068   36
 2.7118   56
 2.7168   52
 2.7218   46
 2.7268   35
 2.7318   51
 2.7368   53
 2.7418   45
 2.7468   34
 2.7518   49
 2.7568   45
 2.7618   47
 2.7668   34
 2.7718   44
 2.7768   34
 2.7818   49
 2.7868   46
 2.7918   52
 2.7968   51
 2.8018   41
 2.8068   40
 2.8118   53
 2.8168   41
 2.8218   40
 2.8268   45
 2.8318   39
 2.8367   51
 2.8417   52
 2.8467   45
 2.8517   41
 2.8567   49
 2.8617   48
 2.8667   38
 2.8717   34
 2.8767   47
 2.8817   38
 2.8867   40
 2.8917   48
 2.8967   39
 2.9017   31
 2.9067   30
 2.9117   38
 2.9167   41
 2.9217   52
 2.9267   48
 2.9317   39
 2.9367   42
 2.9417   35
 2.9467   44
 2.9517   38
 2.9567   50
 2.9617   39
 2.9667   41
 2.9717   39
 2.9767   42
 2.9817   37
 2.9867   44
 2.9917   45
 2.9967   40
 3.0017   32
 3.0067   30
 3.0117   35
 3.0167   33
 3.0217   38
 3.0267   37
 3.0317   31
 3.0367   36
 3.0417   37
 3.0467   40
 3.0517   38
 3.0567   44
 3.0617   33
 3.0667   37
 3.0717   40
 3.0767   31
 3.0817   43
 3.0867   35
 3.0917   44
 3.0967   42
 3.1017   44
 3.1067   37
 3.1117   31
 3.1167   38
 3.1217   35
 3.1267   40
 3.1317   34
 3.1367   38
 3.1417   50
 3.1467   40
 3.1517   33
 3.1567   28
 3.1617   34
 3.1666   43
 3.1716   43
 3.1766   40
 3.1816   26
 3.1866   42
 3.1916   36
 3.1966   40
 3.2016   37
 3.2066   39
 3.2116   38
 3.2166   47
 3.2216   40
 3.2266   36
 3.2316   36
 3.2366   50
 3.2416   41
 3.2466   53
 3.2516   50
 3.2566   54
 3.2616   55
 3.2666   58
 3.2716   70
 3.2766   66
 3.2816   72
 3.2866   80
 3.2916   79
 3.2966   69
 3.3016   66
 3.3066   78
 3.3116   73
 3.3166   66
 3.3216   66
 3.3266   71
 3.3316   72
 3.3366   69
 3.3416   74
 3.3466   69
 3.3516   57
 3.3566   52
 3.3616   49
 3.3666   50
 3.3716   58
 3.3766   44
 3.3816   45
 3.3866   40
 3.3916   36
 3.3966   34
 3.4016   36
 3.4066   31
 3.4116   33
 3.4166   40
 3.4216   40
 3.4266   35
 3.4316   31
 3.4366   32
 3.4416   42
 3.4466   25
 3.4516   31
 3.4566   36
 3.4616   33
 3.4666   33
 3.4716   34
 3.4766   30
 3.4816   37
 3.4866   42
 3.4916   46
 3.4966   38
 3.5015   32
 3.5065   39
 3.5115   38
 3.5165   33
 3.5215   34
 3.5265   36
 3.5315   34
 3.5365   28
 3.5415   42
 3.5465   31
 3.5515   40
 3.5565   40
 3.5615   38
 3.5665   35
 3.5715   23
 3.5765   32
 3.5815   38
 3.5865   35
 3.5915   42
 3.5965   48
 3.6015   38
 3.6065   39
 3.6115   45
 3.6165   48
 3.6215   32
 3.6265   24
 3.6315   43
 3.6365   35
 3.6415   47
 3.6465   37
 3.6515   30
 3.6565   36
 3.6615   26
 3.6665   35
 3.6715   34
 3.6765   40
 3.6815   36
 3.6865   40
 3.6915   44
 3.6965   32
 3.7015   31
 3.7065   44
 3.7115   33
 3.7165   32
 3.7215   39
 3.7265   29
 3.7315   33
 3.7365   39
 3.7415   38
 3.7465   35
 3.7515   26
 3.7565   35
 3.7615   26
 3.7665   33
 3.7715   31
 3.7765   34
 3.7815   29
 3.7865   20
 3.7915   21
 3.7965   27
 3.8015   24
 3.8065   32
 3.8115   19
 3.8165   24
 3.8215   31
 3.8265   27
 3.8315   21
 3.8364   26
 3.8414   25
 3.8464   17
 3.8514   25
 3.8564   31
 3.8614   23
 3.8664   25
 3.8714   18
 3.8764   28
 3.8814   20
 3.8864   26
 3.8914   22
 3.8964   29
 3.9014   13
 3.9064   30
 3.9114   21
 3.9164   22
 3.9214   25
 3.9264   26
 3.9314   23
 3.9364   22
 3.9414   31
 3.9464   19
 3.9514   20
 3.9564   29
 3.9614   23
 3.9664   26
 3.9714   23
 3.9764   27
 3.9814   30
 3.9864   21
 3.9914   24
 3.9964   22
 4.0014   21
 4.0064   29
 4.0114   22
 4.0164   16
 4.0214   26
 4.0264   22
 4.0314   35
 4.0364   23
 4.0414   23
 4.0464   25
 4.0514   21
 4.0564   23
 4.0614   30
 4.0664   23
 4.0714   22
 4.0764   27
 4.0814   30
 4.0864   22
 4.0914   24
 4.0964   18
 4.1014   27
 4.1064   21
 4.1114   20
 4.1164   21
 4.1214   20
 4.1264   23
 4.1314   18
 4.1364   15
 4.1414   20
 4.1464   19
 4.1514   16
 4.1564   19
 4.1614   21
 4.1663   21
 4.1713   21
 4.1763   29
 4.1813   27
 4.1863   21
 4.1913   22
 4.1963   24
 4.2013   23
 4.2063   19
 4.2113   22
 4.2163   21
 4.2213   19
 4.2263   23
 4.2313   21
 4.2363   26
 4.2413   18
 4.2463   19
 4.2513   19
 4.2563   13
 4.2613   20
 4.2663   21
 4.2713   20
 4.2763   27
 4.2813   27
 4.2863   22
 4.2913   20
 4.2963   22
 4.3013   28
 4.3063   23
 4.3113   19
 4.3163   25
 4.3213   23
 4.3263   18
 4.3313   16
 4.3363   17
 4.3413   19
 4.3463   21
 4.3513   20
 4.3563   33
 4.3613   26
 4.3663   19
 4.3713   25
 4.3763   24
 4.3813   23
 4.3863   20
 4.3913   24
 4.3963   23
 4.4013   26
 4.4063   23
 4.4113   20
 4.4163   19
 4.4213   14
 4.4263   18
 4.4313   22
 4.4363   16
 4.4413   20
 4.4463   20
 4.4513   21
 4.4563   20
 4.4613   19
 4.4663   13
 4.4713   17
 4.4763   20
 4.4813   20
 4.4863   24
 4.4913   20
 4.4963   15
 4.5012   17
 4.5062   29
 4.5112   29
 4.5162   21
 4.5212   19
 4.5262   19
 4.5312   21
 4.5362   21
 4.5412   20
 4.5462   18
 4.5512   22
 4.5562   21
 4.5612   21
 4.5662   18
 4.5712   17
 4.5762   26
 4.5812   27
 4.5862   20
 4.5912   19
 4.5962   20
 4.6012   17
 4.6062   15
 4.6112   18
 4.6162   24
 4.6212   24
 4.6262   24
 4.6312   17
 4.6362   18
 4.6412   24
 4.6462   23
 4.6512   17
 4.6562   15
 4.6612   14
 4.6662   14
 4.6712   13
 4.6762   14
 4.6812   18
 4.6862   18
 4.6912   14
 4.6962   16
 4.7012   24
 4.7062   18
 4.7112   15
 4.7162   14
 4.7212   14
 4.7262   15
 4.7312   16
 4.7362   17
 4.7412   15
 4.7462   15
 4.7512   17
 4.7562   17
 4.7612   14
 4.7662   16
 4.7712   18
 4.7762   20
 4.7812   19
 4.7862   16
 4.7912   19
 4.7962   16
 4.8012   12
 4.8062   14
 4.8112   13
 4.8162   12
 4.8212   16
 4.8262   19
 4.8312   16
 4.8361   15
 4.8411   20
 4.8461   18
 4.8511   16
 4.8561   18
 4.8611   20
 4.8661   23
 4.8711   18
 4.8761   22
 4.8811   22
 4.8861   20
 4.8911   17
 4.8961   10
 4.9011   12
 4.9061   16
 4.9111   16
 4.9161   11
 4.9211   11
 4.9261   15
 4.9311   16
 4.9361   12
 4.9411   17
 4.9461   23
 4.9511   22
 4.9561   23
 4.9611   21
 4.9661   19
 4.9711   20
 4.9761   15
 4.9811   13
 4.9861   14
 4.9911   15
 4.9961   13
 5.0011   12
 5.0061   10
 5.0111    9
 5.0161   11
 5.0211   12
 5.0261   10
 5.0311   11
 5.0361    9
 5.0411   11
 5.0461   16
 5.0511   20
 5.0561   19
 5.0611   14
 5.0661   13
 5.0711   15
 5.0761   16
 5.0811   16
 5.0861   15
 5.0911   18
 5.0961   16
 5.1011   14
 5.1061   14
 5.1111   14
 5.1161    7
 5.1211   10
 5.1261   13
 5.1311   20
 5.1361   14
 5.1411    9
 5.1461    8
 5.1511   10
 5.1561   14
 5.1611   12
  5.166   11
  5.171   12
  5.176   15
  5.181   13
  5.186   11
  5.191   10
  5.196   11
  5.201   16
  5.206   13
  5.211   13
  5.216   15
  5.221   14
  5.226   12
  5.231   17
  5.236   14
  5.241   13
  5.246   11
  5.251   11
  5.256   12
  5.261   12
  5.266   15
  5.271   12
  5.276   16
  5.281   19
  5.286   22
  5.291   17
  5.296   12
  5.301   11
  5.306   13
  5.311   10
  5.316   12
  5.321    9
  5.326   11
  5.331   13
  5.336   12
  5.341   14
  5.346   15
  5.351   10
  5.356   14
  5.361   18
  5.366   13
  5.371   11
  5.376   12
  5.381   13
  5.386    9
  5.391   15
  5.396   12
  5.401   13
  5.406    9
  5.411   13
  5.416   10
  5.421    9
  5.426   14
  5.431   12
  5.436   12
  5.441   14
  5.446   14
  5.451    8
  5.456   12
  5.461    9
  5.466   13
  5.471   10
  5.476    7
  5.481   10
  5.486    8
  5.491    7
  5.496   10
 5.5009   16
 5.5059   16
 5.5109   12
 5.5159    9
 5.5209   14
 5.5259   16
 5.5309   10
 5.5359   14
 5.5409   13
 5.5459   11
 5.5509    8
 5.5559   13
 5.5609   10
 5.5659   12
 5.5709    8
 5.5759   16
 5.5809    8
 5.5859   12
 5.5909   14
 5.5959   10
 5.6009   10
 5.6059   14
 5.6109   11
 5.6159   14
 5.6209   10
 5.6259   12
 5.6309   11
 5.6359    7
 5.6409    4
 5.6459    7
 5.6509   11
 5.6559    9
 5.6609   13
 5.6659   16
 5.6709   11
 5.6759    7
 5.6809   12
 5.6859    8
 5.6909   15
 5.6959    4
 5.7009    9
 5.7059   11
 5.7109    9
 5.7159    8
 5.7209    9
 5.7259    9
 5.7309   11
 5.7359    7
 5.7409    9
 5.7459   10
 5.7509    8
 5.7559    9
 5.7609    8
 5.7659   10
 5.7709   12
 5.7759   12
 5.7809    5
 5.7859    9
 5.7909    7
 5.7959    5
 5.8009   11
 5.8059   14
 5.8109   14
 5.8159   10
 5.8209    8
 5.8259   13
 5.8309    4
 5.8358   11
 5.8408    3
 5.8458    5
 5.8508    7
 5.8558    8
 5.8608    6
 5.8658    9
 5.8708    6
 5.8758   12
 5.8808   10
 5.8858   13
 5.8908    7
 5.8958   12
 5.9008    8
 5.9058    6
 5.9108    7
 5.9158    9
 5.9208   10
 5.9258    3
 5.9308    6
 5.9358    7
 5.9408   12
 5.9458   13
 5.9508    3
 5.9558    9
 5.9608    6
 5.9658    5
 5.9708    8
 5.9758    9
 5.9808   11
 5.9858    8
 5.9908    6
 5.9958    9
 6.0008   11
 6.0058    8
 6.0108    9
 6.0158   11
 6.0208    8
 6.0258    9
 6.0308    9
 6.0358    9
 6.0408    7
 6.0458    4
 6.0508    9
 6.0558   10
 6.0608   14
 6.0658    6
 6.0708   13
 6.0758    9
 6.0808    8
 6.0858    9
 6.0908    6
 6.0958   10
 6.1008    4
 6.1058    9
 6.1108   10
 6.1158    4
 6.1208    7
 6.1258   10
 6.1308    6
 6.1358    6
 6.1408    2
 6.1458   10
 6.1508   14
 6.1558    5
 6.1608    4
 6.1657    9
 6.1707   17
 6.1757    5
 6.1807    7
 6.1857    8
 6.1907    7
 6.1957   12
 6.2007    6
 6.2057    8
 6.2107    6
 6.2157   12
 6.2207    4
 6.2257    6
 6.2307    6
 6.2357    7
 6.2407   12
 6.2457    9
 6.2507    6
 6.2557    3
 6.2607    6
 6.2657    5
 6.2707    7
 6.2757   11
 6.2807    4
 6.2857    7
 6.2907    4
 6.2957    3
 6.3007    3
 6.3057    7
 6.3107    7
 6.3157    7
 6.3207    8
 6.3257   12
 6.3307    6
 6.3357    5
 6.3407    8
 6.3457   12
 6.3507   10
 6.3557   15
 6.3607   10
 6.3657   11
 6.3707    9
 6.3757   17
 6.3807   11
 6.3857    8
 6.3907   12
 6.3957   14
 6.4007   13
 6.4057    6
 6.4107   11
 6.4157    7
 6.4207    5
 6.4257   11
 6.4307   13
 6.4357   16
 6.4407    9
 6.4457    9
 6.4507    8
 6.4557   10
 6.4607    9
 6.4657   13
 6.4707    7
 6.4757   13
 6.4807   11
 6.4857   12
 6.4907   11
 6.4957    5
 6.5006    7
 6.5056   11
 6.5106    6
 6.5156    8
 6.5206    7
 6.5256    5
 6.5306    4
 6.5356    8
 6.5406    8
 6.5456    4
 6.5506    8
 6.5556    1
 6.5606    7
 6.5656    8
 6.5706    6
 6.5756    5
 6.5806    4
 6.5856    7
 6.5906    5
 6.5956    3
 6.6006    5
 6.6056    3
 6.6106    5
 6.6156    9
 6.6206    4
 6.6256    4
 6.6306    4
 6.6356    8
 6.6406    4
 6.6456   10
 6.6506    7
 6.6556    7
 6.6606    6
 6.6656   11
 6.6706    6
 6.6756    7
 6.6806    6
 6.6856    9
 6.6906    3
 6.6956    5
 6.7006   10
 6.7056    2
 6.7106   11
 6.7156    7
 6.7206    6
 6.7256    3
 6.7306    4
 6.7356    6
 6.7406    2
 6.7456    6
 6.7506    1
 6.7556    9
 6.7606    6
 6.7656    8
 6.7706    5
 6.7756    5
 6.7806    6
 6.7856    6
 6.7906    6
 6.7956    0
 6.8006    5
 6.8056    2
 6.8106    4
 6.8156    4
 6.8206    5
 6.8256    2
 6.8306    5
 6.8355    8
 6.8405    2
 6.8455    3
 6.8505    4
 6.8555    7
 6.8605    6
 6.8655    8
 6.8705    9
 6.8755    3
 6.8805    5
 6.8855    2
 6.8905    5
 6.8955    7
 6.9005    6
 6.9055    5
 6.9105    7
 6.9155    1
 6.9205    1
 6.9255    5
 6.9305    3
 6.9355    6
 6.9405    5
 6.9455    6
 6.9505    3
 6.9555    9
 6.9605    9
 6.9655    4
 6.9705    3
 6.9755    2
 6.9805    1
 6.9855    4
 6.9905    3
 6.9955    3
 7.0005    5
 7.0055    2
 7.0105    5
 7.0155    6
 7.0205    4
 7.0255    4
 7.0305    6
 7.0355    2
 7.0405   10
 7.0455    6
 7.0505    2
 7.0555    4
 7.0605    4
 7.0655    4
 7.0705    3
 7.0755    5
 7.0805    3
 7.0855    6
 7.0905    3
 7.0955    6
 7.1005    6
 7.1055   10
 7.1105    2
 7.1155    3
 7.1205    4
 7.1255    2
 7.1305    4
 7.1355    1
 7.1405    1
 7.1455    2
 7.1505    2
 7.1555    6
 7.1605    3
 7.1654    3
 7.1704    3
 7.1754    2
 7.1804    3
 7.1854    5
 7.1904    3
 7.1954    1
 7.2004    2
 7.2054    7
 7.2104    5
 7.2154    1
 7.2204    0
 7.2254    3
 7.2304    4
 7.2354    5
 7.2404    4
 7.2454    3
 7.2504    5
 7.2554    3
 7.2604    4
 7.2654    3
 7.2704    5
 7.2754    4
 7.2804    9
 7.2854    3
 7.2904    6
 7.2954    6
 7.3004    4
 7.3054    4
 7.3104    5
 7.3154    1
 7.3204    5
 7.3254    4
 7.3304    3
 7.3354    9
 7.3404    3
 7.3454    5
 7.3504    2
 7.3554    4
 7.3604    3
 7.3654    2
 7.3704    1
 7.3754    6
 7.3804    2
 7.3854    3
 7.3904    7
 7.3954    0
 7.4004    2
 7.4054    4
 7.4104    2
 7.4154    4
 7.4204    4
 7.4254    3
 7.4304    1
 7.4354    1
 7.4404    2
 7.4454    3
 7.4504    4
 7.4554    4
 7.4604    1
 7.4654    3
 7.4704    4
 7.4754    3
 7.4804    4
 7.4854    1
 7.4904    2
 7.4954    2
 7.5003    2
 7.5053    2
 7.5103    1
 7.5153    1
 7.5203    2
 7.5253    0
 7.5303    2
 7.5353    4
 7.5403    1
 7.5453    3
 7.5503    2
 7.5553    1
 7.5603    3
 7.5653    3
 7.5703    1
 7.5753    2
 7.5803    1
 7.5853    0
 7.5903    3
 7.5953    3
 7.6003    5
 7.6053    3
 7.6103    1
 7.6153    0
 7.6203    3
 7.6253    1
 7.6303    0
 7.6353    3
 7.6403    2
 7.6453    4
 7.6503    4
 7.6553    0
 7.6603    4
 7.6653    0
 7.6703    0
 7.6753    0
 7.6803    2
 7.6853    2
 7.6903    3
 7.6953    2
 7.7003    0
 7.7053    2
 7.7103    3
 7.7153    1
 7.7203    4
 7.7253    1
 7.7303    5
 7.7353    0
 7.7403    2
 7.7453    1
 7.7503    1
 7.7553    2
 7.7603    2
 7.7653    1
 7.7703    1
 7.7753    3
 7.7803    1
 7.7853    2
 7.7903    4
 7.7953    0
 7.8003    0
 7.8053    1
 7.8103    0
 7.8153    2
 7.8203    2
 7.8253    1
 7.8303    0
 7.8352    0
 7.8402    0
 7.8452    2
 7.8502    1
 7.8552    5
 7.8602    3
 7.8652    0
 7.8702    2
 7.8752    1
 7.8802    1
 7.8852    0
 7.8902    3
 7.8952    2
 7.9002    0
 7.9052    2
 7.9102    0
 7.9152    3
 7.9202    1
 7.9252    0
 7.9302    1
 7.9352    1
 7.9402    0
 7.9452    1
 7.9502    1
 7.9552    2
 7.9602    2
 7.9652    0
 7.9702    0
 7.9752    0
 7.9802    1
 7.9852    1
 7.9902    1
 7.9952    2
 8.0002    0
 8.0052    0
 8.0102    2
 8.0152    0
 8.0202    1
 8.0252    0
 8.0302    1
 8.0352    3
 8.0402    2
 8.0452    0
 8.0502    2
 8.0552    0
 8.0602    2
 8.0652    2
 8.0702    2
 8.0752    1
 8.0802    1
 8.0852    0
 8.0902    1
 8.0952    1
 8.1002    3
 8.1052    1
 8.1102    0
 8.1152    1
 8.1202    0
 8.1252    1
 8.1302    1
 8.1352    1
 8.1402    1
 8.1452    1
 8.1502    0
 8.1552    0
 8.1602    0
 8.1651    0
 8.1701    1
 8.1751    0
 8.1801    1
 8.1851    0
 8.1901    0
 8.1951    0
 8.2001    1
 8.2051    0
 8.2101    0
 8.2151    0
 8.2201    0
 8.2251    0
 8.2301    0
 8.2351    2
 8.2401    1
 8.2451    0
 8.2501    0
 8.2551    0
 8.2601    0
 8.2651    0
 8.2701    2
 8.2751    0
 8.2801    0
 8.2851    1
 8.2901    0
 8.2951    0
 8.3001    1
 8.3051    2
 8.3101    1
 8.3151    0
 8.3201    0
 8.3251    1
 8.3301    1
 8.3351    1
 8.3401    0
 8.3451    0
 8.3501    1
 8.3551    0
 8.3601    1
 8.3651    1
 8.3701    1
 8.3751    0
 8.3801    2
 8.3851    0
 8.3901    2
 8.3951    0
 8.4001    0
 8.4051    1
 8.4101    0
 8.4151    0
 8.4201    0
 8.4251    0
 8.4301    0
 8.4351    0
 8.4401    1
 8.4451    0
 8.4501    2
 8.4551    0
 8.4601    1
 8.4651    0
 8.4701    0
 8.4751    2
 8.4801    0
 8.4851    0
 8.4901    0
 8.4951    0
    8.5    0
  8.505    0
   8.51    0
  8.515    1
   8.52    0
  8.525    0
   8.53    1
  8.535    0
   8.54    1
  8.545    1
   8.55    0
  8.555    0
   8.56    0
  8.565    0
   8.57    2
  8.575    1
   8.58    1
  8.585    0
   8.59    1
  8.595    0
    8.6    1
  8.605    0
   8.61    0
  8.615    0
   8.62    0
  8.625    0
   8.63    0
  8.635    0
   8.64    0
  8.645    0
   8.65    0
  8.655    0
   8.66    0
  8.665    0
   8.67    0
  8.675    2
   8.68    0
  8.685    0
   8.69    1
  8.695    0
    8.7    0
  8.705    1
   8.71    0
  8.715    0
   8.72    0
  8.725    1
   8.73    0
  8.735    1
   8.74    0
  8.745    0
   8.75    0
  8.755    2
   8.76    0
  8.765    0
   8.77    0
  8.775    0
   8.78    1
  8.785    0
   8.79    0
  8.795    0
    8.8    0
  8.805    0
   8.81    1
  8.815    0
   8.82    1
  8.825    0
   8.83    0
 8.8349    0
 8.8399    0
 8.8449    1
 8.8499    0
 8.8549    0
 8.8599    1
 8.8649    0
 8.8699    0
 8.8749    1
 8.8799    0
 8.8849    0
 8.8899    0
 8.8949    0
 8.8999    0
 8.9049    0
 8.9099    0
 8.9149    0
 8.9199    0
 8.9249    0
 8.9299    0
 8.9349    0
 8.9399    0
 8.9449    1
 8.9499    0
 8.9549    0
 8.9599    1
 8.9649    0
 8.9699    0
 8.9749    0
 8.9799    0
 8.9849    0
 8.9899    0
 8.9949    0
 8.9999    0
 9.0049    0
 9.0099    0
 9.0149    0
 9.0199    0
 9.0249    0
 9.0299    0
 9.0349    1
 9.0399    0
 9.0449    0
 9.0499    0
 9.0549    0
 9.0599    0
 9.0649    0
 9.0699    1
 9.0749    0
 9.0799    0
 9.0849    0
 9.0899    0
 9.0949    0
 9.0999    0
 9.1049    0
 9.1099    0
 9.1149    0
 9.1199    0
 9.1249    0
 9.1299    0
 9.1349    0
 9.1399    1
 9.1449    0
 9.1499    0
 9.1549    0
 9.1599    1
 9.1648    0
 9.1698    0
 9.1748    0
 9.1798    0
 9.1848    0
 9.1898    0
 9.1948    0
 9.1998    1
 9.2048    0
 9.2098    0
 9.2148    0
 9.2198    0
 9.2248    0
 9.2298    0
 9.2348    0
 9.2398    0
 9.2448    0
 9.2498    0
 9.2548    0
 9.2598    0
 9.2648    0
 9.2698    0
 9.2748    0
 9.2798    0
 9.2848    0
 9.2898    0
 9.2948    0
 9.2998    0
 9.3048    0
 9.3098    0
 9.3148    0
 9.3198    0
 9.3248    0
 9.3298    0
 9.3348    0
 9.3398    0
 9.3448    0
 9.3498    0
 9.3548    0
 9.3598    0
 9.3648    0
 9.3698    1
 9.3748    0
 9.3798    0
 9.3848    0
 9.3898    0
 9.3948    0
 9.3998    0
 9.4048    0
 9.4098    0
 9.4148    0
 9.4198    0
 9.4248    0
 9.4298    0
 9.4348    0
 9.4398    0
 9.4448    0
 9.4498    0
 9.4548    0
 9.4598    0
 9.4648    0
 9.4698    0
 9.4748    0
 9.4798    0
 9.4848    0
 9.4898    0
 9.4948    0
 9.4997    0
 9.5047    0
 9.5097    0
 9.5147    0
 9.5197    0
 9.5247    0
 9.5297    0
 9.5347    0
 9.5397    0
 9.5447    0
 9.5497    0
 9.5547    0
 9.5597    0
 9.5647    0
 9.5697    0
 9.5747    0
 9.5797    0
 9.5847    0
 9.5897    0
 9.5947    0
 9.5997    0
 9.6047    0
 9.6097    0
 9.6147    0
 9.6197    1
 9.6247    1
 9.6297    0
 9.6347    0
 9.6397    0
 9.6447    0
 9.6497    0
 9.6547    0
 9.6597    0
 9.6647    0
 9.6697    0
 9.6747    0
 9.6797    1
 9.6847    0
 9.6897    0
 9.6947    0
 9.6997    0
 9.7047    0
 9.7097    0
 9.7147    0
