Bruker Nano GmbH Berlin, Germany
Esprit 2.x

Date: 8/21/2023 3:21:17 PM
Real time: 53978
Life time: 53334
Pulse density: 4394

Primary energy: 10
Beam current: -1
Take off angle: 35
Tilt angle: 0
Azimut angle: 45

Detector type: Custom type
Window type: slew AP3.3
Detector thickness: 0.45
Si dead layer:0

Calibration, lin.: 4.998
Calibration, abs.: -477.257
Mn FWHM: 124.4
Fano factor: 0.109
Channels: 2092

Energy Counts
-0.4773    0
-0.4723    0
-0.4673    0
-0.4623    0
-0.4573    0
-0.4523    0
-0.4473    0
-0.4423    0
-0.4373    0
-0.4323    0
-0.4273    0
-0.4223    0
-0.4173    0
-0.4123    0
-0.4073    0
-0.4023    0
-0.3973    0
-0.3923    0
-0.3873    0
-0.3823    0
-0.3773    0
-0.3723    0
-0.3673    0
-0.3623    0
-0.3573    0
-0.3523    0
-0.3473    0
-0.3423    0
-0.3373    0
-0.3323    0
-0.3273    0
-0.3223    0
-0.3173    0
-0.3123    0
-0.3073    0
-0.3023    0
-0.2973    0
-0.2923    0
-0.2873    0
-0.2823    0
-0.2773    0
-0.2723    0
-0.2673    0
-0.2623    0
-0.2573    0
-0.2523    0
-0.2473    0
-0.2423    0
-0.2373    0
-0.2323    0
-0.2273    0
-0.2223    0
-0.2173    0
-0.2123    0
-0.2073    0
-0.2023    0
-0.1973    0
-0.1923    0
-0.1873    0
-0.1823    0
-0.1773    0
-0.1723    0
-0.1673    0
-0.1624    0
-0.1574    0
-0.1524    0
-0.1474    0
-0.1424    0
-0.1374    0
-0.1324    0
-0.1274    0
-0.1224    0
-0.1174    0
-0.1124    0
-0.1074    0
-0.1024    0
-0.0974    0
-0.0924    0
-0.0874    0
-0.0824    0
-0.0774    0
-0.0724    1
-0.0674    5
-0.0624   11
-0.0574   35
-0.0524   84
-0.0474  163
-0.0424  343
-0.0374  644
-0.0324 1219
-0.0274 2009
-0.0224 2960
-0.0174 4163
-0.0124 5221
-0.0074 6284
-0.0024 6648
 0.0026 6781
 0.0076 6243
 0.0126 5267
 0.0176 4031
 0.0226 3012
 0.0276 1975
 0.0326 1224
 0.0376  687
 0.0426  378
 0.0476  176
 0.0526   72
 0.0576   38
 0.0626   12
 0.0676    8
 0.0726    0
 0.0776    0
 0.0826    0
 0.0876    0
 0.0926    0
 0.0976    0
 0.1026    0
 0.1076    0
 0.1126    0
 0.1176    0
 0.1226    6
 0.1276   39
 0.1326   73
 0.1376   68
 0.1426   61
 0.1476   59
 0.1526   52
 0.1576   45
 0.1626   42
 0.1675   39
 0.1725   40
 0.1775   43
 0.1825   41
 0.1875   39
 0.1925   34
 0.1975   31
 0.2025   34
 0.2075   38
 0.2125   41
 0.2175   50
 0.2225   54
 0.2275   67
 0.2325   95
 0.2375  135
 0.2425  167
 0.2475  223
 0.2525  268
 0.2575  297
 0.2625  363
 0.2675  396
 0.2725  418
 0.2775  430
 0.2825  409
 0.2875  339
 0.2925  295
 0.2975  268
 0.3025  207
 0.3075  158
 0.3125  118
 0.3175   94
 0.3225   70
 0.3275   51
 0.3325   41
 0.3375   48
 0.3425   41
 0.3475   40
 0.3525   40
 0.3575   47
 0.3625   55
 0.3675   62
 0.3725   77
 0.3775   72
 0.3825   71
 0.3875   70
 0.3925   76
 0.3975   82
 0.4025   84
 0.4075   84
 0.4125   83
 0.4175   98
 0.4225  102
 0.4275  107
 0.4325  112
 0.4375  127
 0.4425  145
 0.4475  187
 0.4525  220
 0.4575  288
 0.4625  413
 0.4675  533
 0.4725  693
 0.4775  999
 0.4825 1390
 0.4875 1768
 0.4925 2305
 0.4975 2973
 0.5024 3674
 0.5074 4228
 0.5124 4865
 0.5174 5472
 0.5224 5523
 0.5274 5455
 0.5324 5266
 0.5374 4775
 0.5424 4362
 0.5474 3592
 0.5524 2969
 0.5574 2126
 0.5624 1589
 0.5674 1127
 0.5724  792
 0.5774  516
 0.5824  296
 0.5874  220
 0.5924  143
 0.5974   90
 0.6024   98
 0.6074   61
 0.6124   61
 0.6174   60
 0.6224   60
 0.6274   50
 0.6324   58
 0.6374   54
 0.6424   64
 0.6474   57
 0.6524   72
 0.6574   44
 0.6624   60
 0.6674   79
 0.6724   62
 0.6774   91
 0.6824   80
 0.6874   95
 0.6924   92
 0.6974  116
 0.7024  140
 0.7074  120
 0.7124  121
 0.7174  139
 0.7224  103
 0.7274  114
 0.7324  120
 0.7374   96
 0.7424   83
 0.7474   79
 0.7524   75
 0.7574   65
 0.7624   57
 0.7674   66
 0.7724   56
 0.7774   67
 0.7824   50
 0.7874   69
 0.7924   52
 0.7974   56
 0.8024   77
 0.8074   51
 0.8124   82
 0.8174   44
 0.8224   64
 0.8274   61
 0.8324   69
 0.8373   61
 0.8423   74
 0.8473   65
 0.8523   74
 0.8573   80
 0.8623   77
 0.8673   81
 0.8723   71
 0.8773   70
 0.8823   82
 0.8873   82
 0.8923   66
 0.8973   78
 0.9023   68
 0.9073   65
 0.9123   78
 0.9173   71
 0.9223   70
 0.9273  101
 0.9323   69
 0.9373   82
 0.9423   68
 0.9473   80
 0.9523   91
 0.9573  101
 0.9623  102
 0.9673   99
 0.9723   99
 0.9773  124
 0.9823  124
 0.9873  167
 0.9923  185
 0.9973  238
 1.0023  267
 1.0073  291
 1.0123  348
 1.0173  457
 1.0223  448
 1.0273  532
 1.0323  611
 1.0373  582
 1.0423  618
 1.0473  581
 1.0523  612
 1.0573  597
 1.0623  533
 1.0673  492
 1.0723  399
 1.0773  346
 1.0823  331
 1.0873  275
 1.0923  208
 1.0973  205
 1.1023  156
 1.1073  110
 1.1123  114
 1.1173  122
 1.1223   87
 1.1273   90
 1.1323  104
 1.1373   95
 1.1423  104
 1.1473   80
 1.1523   79
 1.1573   85
 1.1623  112
 1.1672   94
 1.1722   77
 1.1772   92
 1.1822   95
 1.1872  108
 1.1922   82
 1.1972  107
 1.2022  100
 1.2072  116
 1.2122  126
 1.2172  134
 1.2222  138
 1.2272  169
 1.2322  165
 1.2372  208
 1.2422  190
 1.2472  206
 1.2522  220
 1.2572  206
 1.2622  217
 1.2672  218
 1.2722  180
 1.2772  182
 1.2822  197
 1.2872  159
 1.2922  160
 1.2972  142
 1.3022  137
 1.3072  118
 1.3122  118
 1.3172  115
 1.3222  130
 1.3272  115
 1.3322  110
 1.3372  106
 1.3422  100
 1.3472  100
 1.3522   96
 1.3572   90
 1.3622   88
 1.3672   91
 1.3722  107
 1.3772  106
 1.3822   94
 1.3872   98
 1.3922  121
 1.3972  108
 1.4022  112
 1.4072  123
 1.4122  131
 1.4172  149
 1.4222  207
 1.4272  232
 1.4322  295
 1.4372  371
 1.4422  423
 1.4472  520
 1.4522  653
 1.4572  775
 1.4622  834
 1.4672  961
 1.4722 1029
 1.4772 1130
 1.4822 1203
 1.4872 1229
 1.4922 1246
 1.4972 1234
 1.5021 1151
 1.5071 1096
 1.5121 1001
 1.5171  891
 1.5221  789
 1.5271  662
 1.5321  574
 1.5371  497
 1.5421  404
 1.5471  336
 1.5521  312
 1.5571  216
 1.5621  190
 1.5671  183
 1.5721  156
 1.5771  150
 1.5821  139
 1.5871  126
 1.5921  118
 1.5971  108
 1.6021  106
 1.6071   93
 1.6121  107
 1.6171  105
 1.6221   99
 1.6271  100
 1.6321  111
 1.6371  124
 1.6421  128
 1.6471  159
 1.6521  185
 1.6571  224
 1.6621  297
 1.6671  411
 1.6721  516
 1.6771  699
 1.6821  888
 1.6871 1085
 1.6921 1398
 1.6971 1792
 1.7021 2118
 1.7071 2535
 1.7121 3001
 1.7171 3397
 1.7221 3745
 1.7271 4083
 1.7321 4413
 1.7371 4509
 1.7421 4590
 1.7471 4582
 1.7521 4419
 1.7571 4194
 1.7621 3845
 1.7671 3507
 1.7721 3152
 1.7771 2721
 1.7821 2305
 1.7871 1978
 1.7921 1627
 1.7971 1356
 1.8021 1115
 1.8071  837
 1.8121  687
 1.8171  580
 1.8221  474
 1.8271  379
 1.8321  331
  1.837  310
  1.842  285
  1.847  247
  1.852  224
  1.857  198
  1.862  187
  1.867  163
  1.872  147
  1.877  121
  1.882  112
  1.887  104
  1.892   97
  1.897   78
  1.902   76
  1.907   70
  1.912   53
  1.917   50
  1.922   55
  1.927   59
  1.932   55
  1.937   49
  1.942   52
  1.947   51
  1.952   43
  1.957   50
  1.962   56
  1.967   60
  1.972   57
  1.977   53
  1.982   57
  1.987   57
  1.992   56
  1.997   53
  2.002   56
  2.007   51
  2.012   55
  2.017   56
  2.022   49
  2.027   54
  2.032   49
  2.037   57
  2.042   67
  2.047   66
  2.052   63
  2.057   60
  2.062   63
  2.067   58
  2.072   53
  2.077   45
  2.082   44
  2.087   54
  2.092   57
  2.097   51
  2.102   53
  2.107   53
  2.112   51
  2.117   51
  2.122   43
  2.127   55
  2.132   58
  2.137   56
  2.142   53
  2.147   56
  2.152   65
  2.157   57
  2.162   55
 2.1669   50
 2.1719   54
 2.1769   57
 2.1819   58
 2.1869   48
 2.1919   48
 2.1969   45
 2.2019   43
 2.2069   40
 2.2119   42
 2.2169   47
 2.2219   47
 2.2269   49
 2.2319   59
 2.2369   60
 2.2419   48
 2.2469   48
 2.2519   55
 2.2569   56
 2.2619   54
 2.2669   46
 2.2719   46
 2.2769   59
 2.2819   55
 2.2869   58
 2.2919   65
 2.2969   48
 2.3019   53
 2.3069   50
 2.3119   55
 2.3169   59
 2.3219   63
 2.3269   58
 2.3319   61
 2.3369   57
 2.3419   55
 2.3469   53
 2.3519   42
 2.3569   51
 2.3619   43
 2.3669   53
 2.3719   48
 2.3769   50
 2.3819   48
 2.3869   47
 2.3919   52
 2.3969   59
 2.4019   47
 2.4069   39
 2.4119   46
 2.4169   49
 2.4219   36
 2.4269   44
 2.4319   51
 2.4369   50
 2.4419   51
 2.4469   60
 2.4519   48
 2.4569   47
 2.4619   45
 2.4669   40
 2.4719   45
 2.4769   38
 2.4819   41
 2.4869   50
 2.4919   43
 2.4969   36
 2.5018   43
 2.5068   54
 2.5118   52
 2.5168   41
 2.5218   47
 2.5268   33
 2.5318   38
 2.5368   40
 2.5418   43
 2.5468   53
 2.5518   48
 2.5568   47
 2.5618   41
 2.5668   52
 2.5718   46
 2.5768   42
 2.5818   59
 2.5868   61
 2.5918   52
 2.5968   63
 2.6018   60
 2.6068   53
 2.6118   63
 2.6168   61
 2.6218   62
 2.6268   66
 2.6318   55
 2.6368   55
 2.6418   64
 2.6468   69
 2.6518   73
 2.6568   55
 2.6618   53
 2.6668   47
 2.6718   43
 2.6768   42
 2.6818   48
 2.6868   54
 2.6918   49
 2.6968   51
 2.7018   40
 2.7068   45
 2.7118   45
 2.7168   46
 2.7218   44
 2.7268   37
 2.7318   40
 2.7368   31
 2.7418   55
 2.7468   54
 2.7518   35
 2.7568   45
 2.7618   38
 2.7668   35
 2.7718   47
 2.7768   36
 2.7818   30
 2.7868   33
 2.7918   34
 2.7968   54
 2.8018   49
 2.8068   52
 2.8118   45
 2.8168   41
 2.8218   35
 2.8268   45
 2.8318   37
 2.8367   45
 2.8417   32
 2.8467   49
 2.8517   48
 2.8567   36
 2.8617   41
 2.8667   43
 2.8717   38
 2.8767   36
 2.8817   46
 2.8867   37
 2.8917   30
 2.8967   41
 2.9017   50
 2.9067   43
 2.9117   36
 2.9167   50
 2.9217   34
 2.9267   41
 2.9317   50
 2.9367   48
 2.9417   32
 2.9467   35
 2.9517   42
 2.9567   37
 2.9617   44
 2.9667   34
 2.9717   36
 2.9767   46
 2.9817   54
 2.9867   59
 2.9917   40
 2.9967   38
 3.0017   44
 3.0067   35
 3.0117   31
 3.0167   38
 3.0217   33
 3.0267   47
 3.0317   36
 3.0367   32
 3.0417   45
 3.0467   35
 3.0517   37
 3.0567   47
 3.0617   36
 3.0667   56
 3.0717   43
 3.0767   29
 3.0817   36
 3.0867   40
 3.0917   36
 3.0967   42
 3.1017   42
 3.1067   38
 3.1117   34
 3.1167   46
 3.1217   35
 3.1267   46
 3.1317   35
 3.1367   36
 3.1417   32
 3.1467   44
 3.1517   38
 3.1567   33
 3.1617   38
 3.1666   36
 3.1716   34
 3.1766   42
 3.1816   36
 3.1866   43
 3.1916   34
 3.1966   38
 3.2016   31
 3.2066   33
 3.2116   33
 3.2166   43
 3.2216   46
 3.2266   44
 3.2316   35
 3.2366   49
 3.2416   62
 3.2466   61
 3.2516   68
 3.2566   71
 3.2616   78
 3.2666   79
 3.2716   72
 3.2766   86
 3.2816   81
 3.2866   88
 3.2916  105
 3.2966  111
 3.3016  108
 3.3066  117
 3.3116  103
 3.3166  104
 3.3216  121
 3.3266  115
 3.3316  123
 3.3366   98
 3.3416   83
 3.3466   83
 3.3516   85
 3.3566   87
 3.3616   89
 3.3666   66
 3.3716   61
 3.3766   56
 3.3816   45
 3.3866   59
 3.3916   59
 3.3966   43
 3.4016   36
 3.4066   39
 3.4116   41
 3.4166   44
 3.4216   42
 3.4266   46
 3.4316   37
 3.4366   38
 3.4416   35
 3.4466   26
 3.4516   32
 3.4566   23
 3.4616   31
 3.4666   38
 3.4716   32
 3.4766   31
 3.4816   36
 3.4866   32
 3.4916   39
 3.4966   35
 3.5015   30
 3.5065   33
 3.5115   31
 3.5165   39
 3.5215   34
 3.5265   40
 3.5315   35
 3.5365   39
 3.5415   45
 3.5465   30
 3.5515   38
 3.5565   33
 3.5615   36
 3.5665   35
 3.5715   38
 3.5765   36
 3.5815   44
 3.5865   32
 3.5915   35
 3.5965   43
 3.6015   38
 3.6065   38
 3.6115   38
 3.6165   49
 3.6215   30
 3.6265   44
 3.6315   43
 3.6365   48
 3.6415   42
 3.6465   42
 3.6515   40
 3.6565   55
 3.6615   34
 3.6665   59
 3.6715   45
 3.6765   46
 3.6815   55
 3.6865   49
 3.6915   50
 3.6965   60
 3.7015   42
 3.7065   41
 3.7115   51
 3.7165   45
 3.7215   45
 3.7265   48
 3.7315   40
 3.7365   31
 3.7415   29
 3.7465   42
 3.7515   40
 3.7565   39
 3.7615   34
 3.7665   24
 3.7715   37
 3.7765   28
 3.7815   25
 3.7865   31
 3.7915   41
 3.7965   17
 3.8015   35
 3.8065   25
 3.8115   23
 3.8165   35
 3.8215   17
 3.8265   29
 3.8315   39
 3.8364   21
 3.8414   30
 3.8464   27
 3.8514   20
 3.8564   35
 3.8614   29
 3.8664   22
 3.8714   24
 3.8764   25
 3.8814   25
 3.8864   31
 3.8914   31
 3.8964   29
 3.9014   21
 3.9064   30
 3.9114   34
 3.9164   25
 3.9214   30
 3.9264   26
 3.9314   30
 3.9364   32
 3.9414   32
 3.9464   38
 3.9514   30
 3.9564   25
 3.9614   31
 3.9664   35
 3.9714   26
 3.9764   29
 3.9814   28
 3.9864   26
 3.9914   26
 3.9964   23
 4.0014   24
 4.0064   35
 4.0114   30
 4.0164   27
 4.0214   20
 4.0264   21
 4.0314   24
 4.0364   25
 4.0414   28
 4.0464   25
 4.0514   27
 4.0564   29
 4.0614   27
 4.0664   29
 4.0714   27
 4.0764   30
 4.0814   22
 4.0864   25
 4.0914   31
 4.0964   28
 4.1014   22
 4.1064   24
 4.1114   23
 4.1164   29
 4.1214   25
 4.1264   31
 4.1314   25
 4.1364   20
 4.1414   21
 4.1464   24
 4.1514   30
 4.1564   29
 4.1614   29
 4.1663   23
 4.1713   26
 4.1763   27
 4.1813   35
 4.1863   27
 4.1913   30
 4.1963   26
 4.2013   24
 4.2063   20
 4.2113   21
 4.2163   22
 4.2213   21
 4.2263   28
 4.2313   22
 4.2363   19
 4.2413   26
 4.2463   31
 4.2513   26
 4.2563   19
 4.2613   27
 4.2663   24
 4.2713   24
 4.2763   23
 4.2813   30
 4.2863   34
 4.2913   22
 4.2963   25
 4.3013   18
 4.3063   21
 4.3113   27
 4.3163   27
 4.3213   24
 4.3263   30
 4.3313   24
 4.3363   21
 4.3413   21
 4.3463   19
 4.3513   15
 4.3563   16
 4.3613   25
 4.3663   26
 4.3713   30
 4.3763   24
 4.3813   22
 4.3863   30
 4.3913   21
 4.3963   25
 4.4013   30
 4.4063   22
 4.4113   22
 4.4163   21
 4.4213   28
 4.4263   26
 4.4313   24
 4.4363   26
 4.4413   28
 4.4463   34
 4.4513   33
 4.4563   30
 4.4613   23
 4.4663   23
 4.4713   29
 4.4763   26
 4.4813   34
 4.4863   35
 4.4913   29
 4.4963   22
 4.5012   25
 4.5062   36
 4.5112   36
 4.5162   21
 4.5212   18
 4.5262   30
 4.5312   30
 4.5362   27
 4.5412   23
 4.5462   25
 4.5512   28
 4.5562   24
 4.5612   20
 4.5662   19
 4.5712   23
 4.5762   27
 4.5812   19
 4.5862   19
 4.5912   29
 4.5962   25
 4.6012   24
 4.6062   23
 4.6112   18
 4.6162   20
 4.6212   21
 4.6262   21
 4.6312   27
 4.6362   26
 4.6412   19
 4.6462   16
 4.6512   17
 4.6562   20
 4.6612   20
 4.6662   23
 4.6712   23
 4.6762   18
 4.6812   20
 4.6862   23
 4.6912   18
 4.6962   18
 4.7012   20
 4.7062   21
 4.7112   18
 4.7162   17
 4.7212   26
 4.7262   24
 4.7312   18
 4.7362   19
 4.7412   23
 4.7462   21
 4.7512   23
 4.7562   20
 4.7612   19
 4.7662   19
 4.7712   14
 4.7762   17
 4.7812   16
 4.7862   19
 4.7912   23
 4.7962   19
 4.8012   19
 4.8062   19
 4.8112   21
 4.8162   22
 4.8212   21
 4.8262   23
 4.8312   23
 4.8361   20
 4.8411   18
 4.8461   17
 4.8511   23
 4.8561   25
 4.8611   25
 4.8661   26
 4.8711   22
 4.8761   22
 4.8811   22
 4.8861   19
 4.8911   19
 4.8961   17
 4.9011   18
 4.9061   19
 4.9111   17
 4.9161   17
 4.9211   20
 4.9261   18
 4.9311   19
 4.9361   20
 4.9411   21
 4.9461   20
 4.9511   19
 4.9561   21
 4.9611   27
 4.9661   24
 4.9711   16
 4.9761   21
 4.9811   18
 4.9861   14
 4.9911   18
 4.9961   18
 5.0011   18
 5.0061   19
 5.0111   25
 5.0161   20
 5.0211   17
 5.0261   23
 5.0311   18
 5.0361   19
 5.0411   21
 5.0461   22
 5.0511   17
 5.0561   18
 5.0611   14
 5.0661   13
 5.0711   19
 5.0761   18
 5.0811   20
 5.0861   25
 5.0911   22
 5.0961   19
 5.1011   24
 5.1061   24
 5.1111   15
 5.1161   12
 5.1211   15
 5.1261   18
 5.1311   18
 5.1361   20
 5.1411   17
 5.1461   20
 5.1511   20
 5.1561   13
 5.1611   14
  5.166   18
  5.171   17
  5.176   12
  5.181   16
  5.186   16
  5.191   16
  5.196   17
  5.201   20
  5.206   19
  5.211   14
  5.216   11
  5.221   12
  5.226   16
  5.231   18
  5.236   13
  5.241   17
  5.246   20
  5.251   12
  5.256   12
  5.261   14
  5.266   13
  5.271   15
  5.276   12
  5.281   15
  5.286   18
  5.291   18
  5.296   15
  5.301   11
  5.306   13
  5.311   11
  5.316   12
  5.321   19
  5.326   13
  5.331   17
  5.336   21
  5.341   20
  5.346   13
  5.351   12
  5.356   13
  5.361   16
  5.366   16
  5.371   20
  5.376   18
  5.381   13
  5.386   12
  5.391   16
  5.396   20
  5.401   18
  5.406   19
  5.411   16
  5.416   14
  5.421   22
  5.426   17
  5.431   18
  5.436   15
  5.441   12
  5.446   20
  5.451   16
  5.456   19
  5.461   17
  5.466   19
  5.471   14
  5.476   15
  5.481   17
  5.486   15
  5.491   10
  5.496   14
 5.5009   13
 5.5059   14
 5.5109   14
 5.5159   10
 5.5209   12
 5.5259   14
 5.5309   10
 5.5359   14
 5.5409   16
 5.5459   14
 5.5509   11
 5.5559    8
 5.5609   12
 5.5659   16
 5.5709   16
 5.5759   15
 5.5809   14
 5.5859   11
 5.5909   17
 5.5959   13
 5.6009   15
 5.6059    6
 5.6109   13
 5.6159    9
 5.6209   12
 5.6259   13
 5.6309   11
 5.6359   15
 5.6409   19
 5.6459   16
 5.6509   13
 5.6559   20
 5.6609    9
 5.6659   16
 5.6709   20
 5.6759   19
 5.6809   15
 5.6859   17
 5.6909   13
 5.6959   18
 5.7009   13
 5.7059   16
 5.7109   14
 5.7159   10
 5.7209   14
 5.7259   14
 5.7309   15
 5.7359   17
 5.7409   13
 5.7459   12
 5.7509   14
 5.7559   15
 5.7609   17
 5.7659   16
 5.7709   14
 5.7759   13
 5.7809   12
 5.7859    8
 5.7909   11
 5.7959   13
 5.8009    9
 5.8059   11
 5.8109   16
 5.8159   11
 5.8209   11
 5.8259   14
 5.8309   16
 5.8358    7
 5.8408   14
 5.8458   10
 5.8508   18
 5.8558   12
 5.8608   17
 5.8658   11
 5.8708   19
 5.8758   16
 5.8808   14
 5.8858   15
 5.8908   13
 5.8958   11
 5.9008   15
 5.9058   12
 5.9108   12
 5.9158   12
 5.9208   13
 5.9258   15
 5.9308   12
 5.9358   10
 5.9408    9
 5.9458   14
 5.9508   13
 5.9558    8
 5.9608   16
 5.9658   22
 5.9708   16
 5.9758    9
 5.9808   12
 5.9858   16
 5.9908   22
 5.9958   10
 6.0008   15
 6.0058   11
 6.0108   14
 6.0158    4
 6.0208   15
 6.0258   12
 6.0308   10
 6.0358   16
 6.0408   11
 6.0458    8
 6.0508   12
 6.0558   14
 6.0608    4
 6.0658   16
 6.0708   10
 6.0758   16
 6.0808   11
 6.0858    9
 6.0908    8
 6.0958   11
 6.1008   10
 6.1058   11
 6.1108   16
 6.1158    7
 6.1208    9
 6.1258   12
 6.1308   10
 6.1358   11
 6.1408   13
 6.1458   18
 6.1508   11
 6.1558   12
 6.1608   13
 6.1657    5
 6.1707   10
 6.1757   12
 6.1807    3
 6.1857    8
 6.1907    8
 6.1957   15
 6.2007   10
 6.2057   12
 6.2107   13
 6.2157   12
 6.2207    7
 6.2257   20
 6.2307   10
 6.2357   15
 6.2407   11
 6.2457   15
 6.2507   12
 6.2557   12
 6.2607   15
 6.2657   11
 6.2707   20
 6.2757   17
 6.2807   16
 6.2857   15
 6.2907   10
 6.2957   15
 6.3007   12
 6.3057   20
 6.3107    8
 6.3157   20
 6.3207   16
 6.3257   24
 6.3307   15
 6.3357   25
 6.3407   23
 6.3457   17
 6.3507   23
 6.3557   25
 6.3607   31
 6.3657   23
 6.3707   18
 6.3757   22
 6.3807   20
 6.3857   27
 6.3907   37
 6.3957   36
 6.4007   26
 6.4057   22
 6.4107   28
 6.4157   22
 6.4207   24
 6.4257   31
 6.4307   15
 6.4357   29
 6.4407   25
 6.4457   24
 6.4507   23
 6.4557   21
 6.4607   20
 6.4657   17
 6.4707   22
 6.4757   10
 6.4807   12
 6.4857    8
 6.4907   23
 6.4957   15
 6.5006   11
 6.5056   14
 6.5106   11
 6.5156   16
 6.5206   14
 6.5256   12
 6.5306    5
 6.5356    4
 6.5406    7
 6.5456    7
 6.5506    7
 6.5556    6
 6.5606   10
 6.5656    9
 6.5706    7
 6.5756    9
 6.5806    6
 6.5856   10
 6.5906    8
 6.5956    3
 6.6006    7
 6.6056    5
 6.6106    6
 6.6156    9
 6.6206   11
 6.6256    8
 6.6306    7
 6.6356   11
 6.6406    8
 6.6456   10
 6.6506    5
 6.6556    8
 6.6606   13
 6.6656    8
 6.6706   10
 6.6756   12
 6.6806    5
 6.6856    6
 6.6906    4
 6.6956    6
 6.7006    4
 6.7056   11
 6.7106   10
 6.7156    6
 6.7206    5
 6.7256   10
 6.7306    5
 6.7356   11
 6.7406    8
 6.7456   11
 6.7506    4
 6.7556    6
 6.7606    7
 6.7656    7
 6.7706    7
 6.7756    6
 6.7806    9
 6.7856    6
 6.7906    8
 6.7956    4
 6.8006    8
 6.8056    6
 6.8106    7
 6.8156   12
 6.8206    6
 6.8256   10
 6.8306   10
 6.8355    7
 6.8405   13
 6.8455    5
 6.8505   10
 6.8555    9
 6.8605   12
 6.8655    6
 6.8705    6
 6.8755    7
 6.8805   10
 6.8855    8
 6.8905   13
 6.8955   10
 6.9005   12
 6.9055   10
 6.9105    7
 6.9155    8
 6.9205   11
 6.9255    8
 6.9305   11
 6.9355    6
 6.9405   11
 6.9455    5
 6.9505    8
 6.9555    9
 6.9605    9
 6.9655   15
 6.9705    8
 6.9755    6
 6.9805    6
 6.9855    3
 6.9905    9
 6.9955    9
 7.0005   13
 7.0055   10
 7.0105   12
 7.0155   17
 7.0205    7
 7.0255    3
 7.0305   16
 7.0355   11
 7.0405    7
 7.0455   12
 7.0505   13
 7.0555    9
 7.0605   10
 7.0655    5
 7.0705   13
 7.0755    8
 7.0805   13
 7.0855    5
 7.0905   12
 7.0955   10
 7.1005    7
 7.1055   11
 7.1105    8
 7.1155    9
 7.1205    9
 7.1255    4
 7.1305   10
 7.1355    5
 7.1405    9
 7.1455    6
 7.1505    8
 7.1555    7
 7.1605   10
 7.1654    5
 7.1704    7
 7.1754    6
 7.1804    4
 7.1854    5
 7.1904    1
 7.1954    4
 7.2004    7
 7.2054    9
 7.2104    4
 7.2154    8
 7.2204    4
 7.2254   10
 7.2304   12
 7.2354    8
 7.2404    3
 7.2454    4
 7.2504    9
 7.2554    4
 7.2604    6
 7.2654    8
 7.2704    8
 7.2754    5
 7.2804    4
 7.2854    7
 7.2904    6
 7.2954   12
 7.3004    6
 7.3054    4
 7.3104    9
 7.3154   13
 7.3204    4
 7.3254    7
 7.3304    6
 7.3354    9
 7.3404    6
 7.3454   11
 7.3504    6
 7.3554    9
 7.3604   10
 7.3654    5
 7.3704    9
 7.3754    5
 7.3804    9
 7.3854    8
 7.3904    9
 7.3954    7
 7.4004    5
 7.4054    8
 7.4104    3
 7.4154    9
 7.4204    5
 7.4254    9
 7.4304    7
 7.4354    6
 7.4404    7
 7.4454    8
 7.4504    4
 7.4554    7
 7.4604    4
 7.4654    4
 7.4704   10
 7.4754    6
 7.4804    3
 7.4854    6
 7.4904    9
 7.4954    7
 7.5003    7
 7.5053    9
 7.5103   12
 7.5153    4
 7.5203    9
 7.5253    5
 7.5303    4
 7.5353    8
 7.5403    7
 7.5453    6
 7.5503    9
 7.5553    8
 7.5603    9
 7.5653    9
 7.5703    1
 7.5753    6
 7.5803    5
 7.5853    3
 7.5903    8
 7.5953    8
 7.6003    4
 7.6053    4
 7.6103    4
 7.6153    7
 7.6203    3
 7.6253    7
 7.6303    5
 7.6353    3
 7.6403    4
 7.6453    4
 7.6503    7
 7.6553    2
 7.6603    2
 7.6653    7
 7.6703    7
 7.6753    6
 7.6803    3
 7.6853    2
 7.6903    3
 7.6953    9
 7.7003    2
 7.7053    6
 7.7103    4
 7.7153    3
 7.7203    4
 7.7253    2
 7.7303    3
 7.7353    4
 7.7403    2
 7.7453    7
 7.7503    5
 7.7553    8
 7.7603    7
 7.7653    3
 7.7703    9
 7.7753    3
 7.7803    1
 7.7853    8
 7.7903    1
 7.7953    5
 7.8003    7
 7.8053    6
 7.8103    3
 7.8153    5
 7.8203    4
 7.8253    5
 7.8303    4
 7.8352    5
 7.8402    6
 7.8452    4
 7.8502    7
 7.8552    7
 7.8602    5
 7.8652    8
 7.8702    1
 7.8752    2
 7.8802    6
 7.8852    4
 7.8902    3
 7.8952    7
 7.9002    6
 7.9052    5
 7.9102    4
 7.9152   10
 7.9202    2
 7.9252    5
 7.9302    0
 7.9352    2
 7.9402    7
 7.9452    6
 7.9502    4
 7.9552    7
 7.9602    6
 7.9652    3
 7.9702    4
 7.9752    4
 7.9802    4
 7.9852    9
 7.9902    5
 7.9952    7
 8.0002    5
 8.0052    1
 8.0102    2
 8.0152    2
 8.0202    3
 8.0252    5
 8.0302    1
 8.0352    1
 8.0402    2
 8.0452    1
 8.0502    3
 8.0552    4
 8.0602    3
 8.0652    1
 8.0702    2
 8.0752    3
 8.0802    2
 8.0852    6
 8.0902    6
 8.0952    7
 8.1002    5
 8.1052    1
 8.1102    4
 8.1152    5
 8.1202    1
 8.1252    4
 8.1302    3
 8.1352    8
 8.1402    3
 8.1452    4
 8.1502    7
 8.1552    4
 8.1602    5
 8.1651    1
 8.1701    4
 8.1751    5
 8.1801   10
 8.1851    5
 8.1901    0
 8.1951    4
 8.2001    3
 8.2051    2
 8.2101    5
 8.2151    5
 8.2201    2
 8.2251    6
 8.2301    7
 8.2351    2
 8.2401    2
 8.2451    5
 8.2501    4
 8.2551    5
 8.2601    3
 8.2651    4
 8.2701    3
 8.2751    3
 8.2801    0
 8.2851    1
 8.2901    6
 8.2951    3
 8.3001    3
 8.3051    1
 8.3101    5
 8.3151    3
 8.3201    4
 8.3251    5
 8.3301    2
 8.3351    2
 8.3401    4
 8.3451    1
 8.3501    3
 8.3551    3
 8.3601    1
 8.3651    1
 8.3701    2
 8.3751    2
 8.3801    1
 8.3851    1
 8.3901    2
 8.3951    4
 8.4001    3
 8.4051    2
 8.4101    0
 8.4151    5
 8.4201    2
 8.4251    5
 8.4301    1
 8.4351    1
 8.4401    1
 8.4451    2
 8.4501    3
 8.4551    0
 8.4601    6
 8.4651    3
 8.4701    6
 8.4751    4
 8.4801    3
 8.4851    2
 8.4901    2
 8.4951    5
    8.5    1
  8.505    1
   8.51    2
  8.515    2
   8.52    1
  8.525    2
   8.53    4
  8.535    4
   8.54    3
  8.545    2
   8.55    3
  8.555    3
   8.56    6
  8.565    2
   8.57    2
  8.575    1
   8.58    2
  8.585    3
   8.59    2
  8.595    2
    8.6    2
  8.605    2
   8.61    2
  8.615    6
   8.62    2
  8.625    4
   8.63    4
  8.635    5
   8.64    1
  8.645    2
   8.65    1
  8.655    1
   8.66    3
  8.665    2
   8.67    2
  8.675    1
   8.68    1
  8.685    2
   8.69    0
  8.695    6
    8.7    1
  8.705    3
   8.71    1
  8.715    3
   8.72    7
  8.725    5
   8.73    1
  8.735    0
   8.74    4
  8.745    2
   8.75    2
  8.755    1
   8.76    1
  8.765    2
   8.77    1
  8.775    0
   8.78    8
  8.785    2
   8.79    0
  8.795    1
    8.8    1
  8.805    1
   8.81    3
  8.815    2
   8.82    1
  8.825    5
   8.83    3
 8.8349    3
 8.8399    1
 8.8449    1
 8.8499    3
 8.8549    3
 8.8599    2
 8.8649    3
 8.8699    1
 8.8749    2
 8.8799    1
 8.8849    0
 8.8899    2
 8.8949    0
 8.8999    4
 8.9049    2
 8.9099    2
 8.9149    2
 8.9199    2
 8.9249    3
 8.9299    1
 8.9349    3
 8.9399    4
 8.9449    3
 8.9499    0
 8.9549    1
 8.9599    2
 8.9649    3
 8.9699    2
 8.9749    1
 8.9799    2
 8.9849    2
 8.9899    0
 8.9949    0
 8.9999    1
 9.0049    6
 9.0099    0
 9.0149    1
 9.0199    2
 9.0249    3
 9.0299    2
 9.0349    2
 9.0399    0
 9.0449    0
 9.0499    1
 9.0549    1
 9.0599    1
 9.0649    1
 9.0699    2
 9.0749    1
 9.0799    2
 9.0849    1
 9.0899    1
 9.0949    1
 9.0999    0
 9.1049    1
 9.1099    2
 9.1149    4
 9.1199    2
 9.1249    1
 9.1299    1
 9.1349    0
 9.1399    0
 9.1449    4
 9.1499    2
 9.1549    4
 9.1599    0
 9.1648    3
 9.1698    0
 9.1748    0
 9.1798    2
 9.1848    1
 9.1898    0
 9.1948    1
 9.1998    3
 9.2048    2
 9.2098    5
 9.2148    1
 9.2198    0
 9.2248    1
 9.2298    3
 9.2348    0
 9.2398    0
 9.2448    0
 9.2498    1
 9.2548    0
 9.2598    0
 9.2648    0
 9.2698    1
 9.2748    1
 9.2798    1
 9.2848    0
 9.2898    1
 9.2948    1
 9.2998    1
 9.3048    0
 9.3098    1
 9.3148    1
 9.3198    1
 9.3248    0
 9.3298    1
 9.3348    0
 9.3398    2
 9.3448    1
 9.3498    0
 9.3548    1
 9.3598    1
 9.3648    1
 9.3698    0
 9.3748    0
 9.3798    0
 9.3848    0
 9.3898    1
 9.3948    2
 9.3998    0
 9.4048    1
 9.4098    1
 9.4148    2
 9.4198    2
 9.4248    2
 9.4298    1
 9.4348    0
 9.4398    1
 9.4448    1
 9.4498    0
 9.4548    1
 9.4598    0
 9.4648    0
 9.4698    1
 9.4748    0
 9.4798    0
 9.4848    0
 9.4898    0
 9.4948    1
 9.4997    0
 9.5047    1
 9.5097    0
 9.5147    0
 9.5197    1
 9.5247    0
 9.5297    2
 9.5347    0
 9.5397    0
 9.5447    0
 9.5497    0
 9.5547    0
 9.5597    0
 9.5647    0
 9.5697    0
 9.5747    0
 9.5797    0
 9.5847    0
 9.5897    0
 9.5947    0
 9.5997    1
 9.6047    0
 9.6097    2
 9.6147    0
 9.6197    0
 9.6247    1
 9.6297    0
 9.6347    1
 9.6397    0
 9.6447    0
 9.6497    0
 9.6547    0
 9.6597    0
 9.6647    1
 9.6697    0
 9.6747    1
 9.6797    1
 9.6847    0
 9.6897    0
 9.6947    0
 9.6997    1
 9.7047    0
 9.7097    0
 9.7147    0
 9.7197    1
 9.7247    0
 9.7297    0
 9.7347    0
 9.7397    0
 9.7447    0
 9.7497    0
 9.7547    0
 9.7597    0
 9.7647    0
 9.7697    0
 9.7747    0
 9.7797    0
 9.7847    0
 9.7897    0
 9.7947    0
 9.7997    1
 9.8047    0
 9.8097    0
 9.8147    0
 9.8197    0
 9.8247    0
 9.8297    0
 9.8346    0
 9.8396    0
 9.8446    0
 9.8496    0
 9.8546    0
 9.8596    0
 9.8646    0
 9.8696    1
 9.8746    0
 9.8796    0
 9.8846    0
 9.8896    0
 9.8946    0
 9.8996    0
 9.9046    0
 9.9096    0
 9.9146    0
 9.9196    0
 9.9246    0
 9.9296    0
 9.9346    0
 9.9396    0
 9.9446    0
 9.9496    0
 9.9546    0
 9.9596    0
 9.9646    0
 9.9696    0
 9.9746    0
