Bruker Nano GmbH Berlin, Germany
Esprit 2.x

Date: 8/21/2023 1:35:36 PM
Real time: 41933
Life time: 41933
Pulse density: 5182

Primary energy: 10
Beam current: -1
Take off angle: 35
Tilt angle: 0
Azimut angle: 45

Detector type: Custom type
Window type: slew AP3.3
Detector thickness: 0.45
Si dead layer:0

Calibration, lin.: 4.998
Calibration, abs.: -477.257
Mn FWHM: 124.4
Fano factor: 0.109
Channels: 2063

Energy Counts
-0.4773    0
-0.4723    0
-0.4673    0
-0.4623    0
-0.4573    0
-0.4523    0
-0.4473    0
-0.4423    0
-0.4373    0
-0.4323    0
-0.4273    0
-0.4223    0
-0.4173    0
-0.4123    0
-0.4073    0
-0.4023    0
-0.3973    0
-0.3923    0
-0.3873    0
-0.3823    0
-0.3773    0
-0.3723    0
-0.3673    0
-0.3623    0
-0.3573    0
-0.3523    0
-0.3473    0
-0.3423    0
-0.3373    0
-0.3323    0
-0.3273    0
-0.3223    0
-0.3173    0
-0.3123    0
-0.3073    0
-0.3023    0
-0.2973    0
-0.2923    0
-0.2873    0
-0.2823    0
-0.2773    0
-0.2723    0
-0.2673    0
-0.2623    0
-0.2573    0
-0.2523    0
-0.2473    0
-0.2423    0
-0.2373    0
-0.2323    0
-0.2273    0
-0.2223    0
-0.2173    0
-0.2123    0
-0.2073    0
-0.2023    0
-0.1973    0
-0.1923    0
-0.1873    0
-0.1823    0
-0.1773    0
-0.1723    0
-0.1673    0
-0.1624    0
-0.1574    0
-0.1524    0
-0.1474    0
-0.1424    0
-0.1374    0
-0.1324    0
-0.1274    0
-0.1224    0
-0.1174    0
-0.1124    0
-0.1074    0
-0.1024    0
-0.0974    0
-0.0924    0
-0.0874    0
-0.0824    1
-0.0774    0
-0.0724    0
-0.0674    2
-0.0624   10
-0.0574   22
-0.0524   60
-0.0474  169
-0.0424  331
-0.0374  570
-0.0324  965
-0.0274 1676
-0.0224 2527
-0.0174 3470
-0.0124 4457
-0.0074 5353
-0.0024 5573
 0.0026 5722
 0.0076 5191
 0.0126 4470
 0.0176 3493
 0.0226 2520
 0.0276 1623
 0.0326 1006
 0.0376  645
 0.0426  298
 0.0476  155
 0.0526   72
 0.0576   30
 0.0626   12
 0.0676    8
 0.0726    0
 0.0776    1
 0.0826    0
 0.0876    1
 0.0926    0
 0.0976    1
 0.1026    0
 0.1076    0
 0.1126    0
 0.1176    0
 0.1226    5
 0.1276   44
 0.1326   71
 0.1376   64
 0.1426   58
 0.1476   40
 0.1526   45
 0.1576   53
 0.1626   52
 0.1675   49
 0.1725   43
 0.1775   39
 0.1825   44
 0.1875   53
 0.1925   57
 0.1975   50
 0.2025   49
 0.2075   60
 0.2125   69
 0.2175   93
 0.2225  123
 0.2275  159
 0.2325  215
 0.2375  301
 0.2425  409
 0.2475  542
 0.2525  682
 0.2575  813
 0.2625  981
 0.2675 1114
 0.2725 1193
 0.2775 1209
 0.2825 1111
 0.2875 1009
 0.2925  909
 0.2975  767
 0.3025  573
 0.3075  424
 0.3125  321
 0.3175  226
 0.3225  159
 0.3275  114
 0.3325   79
 0.3375   61
 0.3425   54
 0.3475   56
 0.3525   60
 0.3575   75
 0.3625   81
 0.3675   98
 0.3725  110
 0.3775  104
 0.3825  110
 0.3875  126
 0.3925  122
 0.3975  131
 0.4025  130
 0.4075  126
 0.4125  138
 0.4175  133
 0.4225  132
 0.4275  133
 0.4325  142
 0.4375  149
 0.4425  170
 0.4475  189
 0.4525  218
 0.4575  282
 0.4625  387
 0.4675  516
 0.4725  733
 0.4775  989
 0.4825 1374
 0.4875 1827
 0.4925 2343
 0.4975 3067
 0.5024 3665
 0.5074 4242
 0.5124 4850
 0.5174 5351
 0.5224 5563
 0.5274 5685
 0.5324 5407
 0.5374 5046
 0.5424 4360
 0.5474 3590
 0.5524 3047
 0.5574 2203
 0.5624 1678
 0.5674 1155
 0.5724  826
 0.5774  537
 0.5824  372
 0.5874  243
 0.5924  166
 0.5974  121
 0.6024  104
 0.6074  106
 0.6124   75
 0.6174   82
 0.6224   82
 0.6274   97
 0.6324   98
 0.6374   92
 0.6424   98
 0.6474   77
 0.6524   75
 0.6574  104
 0.6624  104
 0.6674  107
 0.6724  112
 0.6774  136
 0.6824  165
 0.6874  200
 0.6924  199
 0.6974  200
 0.7024  212
 0.7074  235
 0.7124  218
 0.7174  208
 0.7224  204
 0.7274  187
 0.7324  186
 0.7374  160
 0.7424  145
 0.7474  140
 0.7524  112
 0.7574   74
 0.7624   72
 0.7674   89
 0.7724   82
 0.7774   74
 0.7824   83
 0.7874   83
 0.7924   73
 0.7974   72
 0.8024   75
 0.8074   82
 0.8124   61
 0.8174   78
 0.8224   79
 0.8274   69
 0.8324   76
 0.8373   73
 0.8423   72
 0.8473   75
 0.8523   81
 0.8573   76
 0.8623   75
 0.8673   69
 0.8723   76
 0.8773   83
 0.8823   75
 0.8873   87
 0.8923   94
 0.8973   89
 0.9023   80
 0.9073   74
 0.9123   95
 0.9173   79
 0.9223   75
 0.9273  113
 0.9323   81
 0.9373   85
 0.9423  113
 0.9473   85
 0.9523   81
 0.9573   99
 0.9623   94
 0.9673  108
 0.9723  106
 0.9773  100
 0.9823  123
 0.9873  124
 0.9923  134
 0.9973  160
 1.0023  199
 1.0073  228
 1.0123  237
 1.0173  256
 1.0223  314
 1.0273  343
 1.0323  378
 1.0373  387
 1.0423  395
 1.0473  386
 1.0523  363
 1.0573  386
 1.0623  372
 1.0673  338
 1.0723  301
 1.0773  280
 1.0823  230
 1.0873  182
 1.0923  156
 1.0973  147
 1.1023  134
 1.1073  123
 1.1123  107
 1.1173   92
 1.1223  107
 1.1273  106
 1.1323   85
 1.1373   88
 1.1423   84
 1.1473   94
 1.1523   99
 1.1573   93
 1.1623   93
 1.1672   91
 1.1722   82
 1.1772   97
 1.1822  105
 1.1872  109
 1.1922  129
 1.1972  109
 1.2022  139
 1.2072  158
 1.2122  166
 1.2172  171
 1.2222  204
 1.2272  224
 1.2322  255
 1.2372  250
 1.2422  297
 1.2472  306
 1.2522  279
 1.2572  296
 1.2622  300
 1.2672  295
 1.2722  288
 1.2772  265
 1.2822  231
 1.2872  219
 1.2922  191
 1.2972  188
 1.3022  192
 1.3072  152
 1.3122  137
 1.3172  129
 1.3222  108
 1.3272  103
 1.3322  105
 1.3372   99
 1.3422   96
 1.3472  103
 1.3522   94
 1.3572   92
 1.3622   88
 1.3672  103
 1.3722   94
 1.3772   94
 1.3822   95
 1.3872   91
 1.3922  113
 1.3972  116
 1.4022  114
 1.4072  120
 1.4122  138
 1.4172  140
 1.4222  172
 1.4272  235
 1.4322  287
 1.4372  335
 1.4422  386
 1.4472  443
 1.4522  548
 1.4572  668
 1.4622  738
 1.4672  838
 1.4722  980
 1.4772 1056
 1.4822 1123
 1.4872 1091
 1.4922 1111
 1.4972 1094
 1.5021 1058
 1.5071  980
 1.5121  899
 1.5171  791
 1.5221  717
 1.5271  614
 1.5321  520
 1.5371  453
 1.5421  350
 1.5471  290
 1.5521  272
 1.5571  217
 1.5621  188
 1.5671  157
 1.5721  141
 1.5771  128
 1.5821  125
 1.5871  121
 1.5921   99
 1.5971   97
 1.6021  110
 1.6071  100
 1.6121   86
 1.6171   83
 1.6221   89
 1.6271   90
 1.6321  113
 1.6371  109
 1.6421  109
 1.6471  128
 1.6521  162
 1.6571  187
 1.6621  227
 1.6671  276
 1.6721  352
 1.6771  473
 1.6821  634
 1.6871  798
 1.6921  970
 1.6971 1221
 1.7021 1441
 1.7071 1725
 1.7121 1946
 1.7171 2254
 1.7221 2542
 1.7271 2728
 1.7321 2879
 1.7371 3011
 1.7421 3005
 1.7471 2997
 1.7521 3003
 1.7571 2856
 1.7621 2616
 1.7671 2353
 1.7721 2058
 1.7771 1799
 1.7821 1529
 1.7871 1264
 1.7921 1040
 1.7971  847
 1.8021  713
 1.8071  574
 1.8121  477
 1.8171  391
 1.8221  334
 1.8271  278
 1.8321  248
  1.837  220
  1.842  193
  1.847  184
  1.852  174
  1.857  171
  1.862  152
  1.867  116
  1.872  109
  1.877   95
  1.882   84
  1.887   90
  1.892   87
  1.897   76
  1.902   74
  1.907   73
  1.912   66
  1.917   62
  1.922   59
  1.927   57
  1.932   68
  1.937   71
  1.942   67
  1.947   67
  1.952   67
  1.957   67
  1.962   70
  1.967   62
  1.972   65
  1.977   76
  1.982   80
  1.987   82
  1.992   77
  1.997   77
  2.002   85
  2.007   86
  2.012   78
  2.017   81
  2.022   92
  2.027   98
  2.032  102
  2.037   86
  2.042   80
  2.047   76
  2.052   70
  2.057   72
  2.062   62
  2.067   66
  2.072   65
  2.077   52
  2.082   52
  2.087   51
  2.092   59
  2.097   53
  2.102   50
  2.107   57
  2.112   61
  2.117   59
  2.122   58
  2.127   56
  2.132   58
  2.137   61
  2.142   54
  2.147   58
  2.152   59
  2.157   51
  2.162   55
 2.1669   51
 2.1719   48
 2.1769   53
 2.1819   56
 2.1869   60
 2.1919   57
 2.1969   50
 2.2019   51
 2.2069   57
 2.2119   53
 2.2169   55
 2.2219   62
 2.2269   60
 2.2319   56
 2.2369   55
 2.2419   57
 2.2469   60
 2.2519   64
 2.2569   66
 2.2619   71
 2.2669   67
 2.2719   64
 2.2769   66
 2.2819   62
 2.2869   71
 2.2919   70
 2.2969   78
 2.3019   66
 2.3069   71
 2.3119   79
 2.3169   80
 2.3219   71
 2.3269   66
 2.3319   67
 2.3369   74
 2.3419   64
 2.3469   67
 2.3519   77
 2.3569   66
 2.3619   59
 2.3669   59
 2.3719   49
 2.3769   49
 2.3819   53
 2.3869   62
 2.3919   56
 2.3969   50
 2.4019   49
 2.4069   49
 2.4119   50
 2.4169   51
 2.4219   51
 2.4269   50
 2.4319   51
 2.4369   52
 2.4419   57
 2.4469   61
 2.4519   57
 2.4569   55
 2.4619   54
 2.4669   44
 2.4719   46
 2.4769   48
 2.4819   57
 2.4869   51
 2.4919   40
 2.4969   44
 2.5018   52
 2.5068   43
 2.5118   44
 2.5168   49
 2.5218   51
 2.5268   39
 2.5318   43
 2.5368   48
 2.5418   42
 2.5468   54
 2.5518   53
 2.5568   47
 2.5618   53
 2.5668   60
 2.5718   61
 2.5768   71
 2.5818   79
 2.5868   75
 2.5918   79
 2.5968   78
 2.6018   92
 2.6068   88
 2.6118   77
 2.6168   76
 2.6218   85
 2.6268   80
 2.6318   64
 2.6368   89
 2.6418   87
 2.6468   98
 2.6518   72
 2.6568   82
 2.6618   61
 2.6668   54
 2.6718   57
 2.6768   55
 2.6818   56
 2.6868   54
 2.6918   50
 2.6968   52
 2.7018   48
 2.7068   50
 2.7118   49
 2.7168   48
 2.7218   41
 2.7268   48
 2.7318   43
 2.7368   44
 2.7418   48
 2.7468   34
 2.7518   41
 2.7568   55
 2.7618   53
 2.7668   34
 2.7718   44
 2.7768   50
 2.7818   39
 2.7868   42
 2.7918   48
 2.7968   47
 2.8018   56
 2.8068   53
 2.8118   43
 2.8168   47
 2.8218   53
 2.8268   54
 2.8318   40
 2.8367   36
 2.8417   51
 2.8467   37
 2.8517   50
 2.8567   50
 2.8617   39
 2.8667   46
 2.8717   30
 2.8767   42
 2.8817   49
 2.8867   32
 2.8917   45
 2.8967   43
 2.9017   43
 2.9067   33
 2.9117   29
 2.9167   37
 2.9217   31
 2.9267   56
 2.9317   36
 2.9367   44
 2.9417   30
 2.9467   36
 2.9517   48
 2.9567   40
 2.9617   38
 2.9667   38
 2.9717   38
 2.9767   34
 2.9817   33
 2.9867   33
 2.9917   32
 2.9967   28
 3.0017   37
 3.0067   27
 3.0117   31
 3.0167   36
 3.0217   28
 3.0267   36
 3.0317   43
 3.0367   42
 3.0417   51
 3.0467   43
 3.0517   35
 3.0567   29
 3.0617   29
 3.0667   34
 3.0717   38
 3.0767   37
 3.0817   33
 3.0867   45
 3.0917   34
 3.0967   34
 3.1017   31
 3.1067   41
 3.1117   42
 3.1167   33
 3.1217   27
 3.1267   30
 3.1317   33
 3.1367   37
 3.1417   32
 3.1467   34
 3.1517   27
 3.1567   38
 3.1617   39
 3.1666   41
 3.1716   38
 3.1766   45
 3.1816   41
 3.1866   42
 3.1916   33
 3.1966   34
 3.2016   39
 3.2066   53
 3.2116   38
 3.2166   35
 3.2216   53
 3.2266   48
 3.2316   46
 3.2366   48
 3.2416   62
 3.2466   60
 3.2516   83
 3.2566   77
 3.2616  101
 3.2666  112
 3.2716   91
 3.2766  116
 3.2816  109
 3.2866  147
 3.2916  131
 3.2966  135
 3.3016  139
 3.3066  138
 3.3116  150
 3.3166  122
 3.3216  145
 3.3266  157
 3.3316  139
 3.3366  137
 3.3416  120
 3.3466  112
 3.3516  103
 3.3566   85
 3.3616   82
 3.3666   69
 3.3716   91
 3.3766   86
 3.3816   63
 3.3866   50
 3.3916   52
 3.3966   41
 3.4016   44
 3.4066   49
 3.4116   39
 3.4166   46
 3.4216   31
 3.4266   23
 3.4316   37
 3.4366   32
 3.4416   35
 3.4466   30
 3.4516   28
 3.4566   34
 3.4616   28
 3.4666   37
 3.4716   41
 3.4766   33
 3.4816   32
 3.4866   36
 3.4916   28
 3.4966   46
 3.5015   36
 3.5065   30
 3.5115   26
 3.5165   34
 3.5215   27
 3.5265   34
 3.5315   38
 3.5365   38
 3.5415   33
 3.5465   40
 3.5515   38
 3.5565   27
 3.5615   42
 3.5665   47
 3.5715   43
 3.5765   35
 3.5815   42
 3.5865   47
 3.5915   43
 3.5965   42
 3.6015   42
 3.6065   47
 3.6115   51
 3.6165   38
 3.6215   43
 3.6265   65
 3.6315   38
 3.6365   46
 3.6415   35
 3.6465   48
 3.6515   59
 3.6565   39
 3.6615   42
 3.6665   58
 3.6715   45
 3.6765   49
 3.6815   54
 3.6865   53
 3.6915   61
 3.6965   45
 3.7015   56
 3.7065   65
 3.7115   49
 3.7165   47
 3.7215   45
 3.7265   38
 3.7315   39
 3.7365   40
 3.7415   31
 3.7465   40
 3.7515   57
 3.7565   38
 3.7615   37
 3.7665   26
 3.7715   28
 3.7765   29
 3.7815   25
 3.7865   30
 3.7915   29
 3.7965   32
 3.8015   25
 3.8065   28
 3.8115   25
 3.8165   26
 3.8215   24
 3.8265   26
 3.8315   20
 3.8364   39
 3.8414   22
 3.8464   28
 3.8514   30
 3.8564   21
 3.8614   27
 3.8664   26
 3.8714   24
 3.8764   25
 3.8814   46
 3.8864   27
 3.8914   28
 3.8964   24
 3.9014   29
 3.9064   23
 3.9114   19
 3.9164   22
 3.9214   26
 3.9264   31
 3.9314   15
 3.9364   28
 3.9414   29
 3.9464   26
 3.9514   30
 3.9564   22
 3.9614   20
 3.9664   25
 3.9714   21
 3.9764   23
 3.9814   29
 3.9864   23
 3.9914   19
 3.9964   24
 4.0014   22
 4.0064   39
 4.0114   23
 4.0164   17
 4.0214   25
 4.0264   35
 4.0314   31
 4.0364   28
 4.0414   32
 4.0464   25
 4.0514   22
 4.0564   20
 4.0614   29
 4.0664   22
 4.0714   23
 4.0764   31
 4.0814   20
 4.0864   18
 4.0914   21
 4.0964   26
 4.1014   25
 4.1064   22
 4.1114   20
 4.1164   28
 4.1214   25
 4.1264   28
 4.1314   21
 4.1364   26
 4.1414   25
 4.1464   22
 4.1514   20
 4.1564   24
 4.1614   23
 4.1663   23
 4.1713   21
 4.1763   18
 4.1813   22
 4.1863   25
 4.1913   21
 4.1963   22
 4.2013   21
 4.2063   21
 4.2113   23
 4.2163   27
 4.2213   20
 4.2263   21
 4.2313   28
 4.2363   25
 4.2413   22
 4.2463   12
 4.2513   17
 4.2563   22
 4.2613   23
 4.2663   18
 4.2713   18
 4.2763   26
 4.2813   26
 4.2863   19
 4.2913   18
 4.2963   17
 4.3013   18
 4.3063   14
 4.3113   22
 4.3163   19
 4.3213   15
 4.3263   17
 4.3313   19
 4.3363   20
 4.3413   20
 4.3463   23
 4.3513   19
 4.3563   21
 4.3613   19
 4.3663   19
 4.3713   21
 4.3763   22
 4.3813   20
 4.3863   19
 4.3913   25
 4.3963   20
 4.4013   30
 4.4063   27
 4.4113   26
 4.4163   20
 4.4213   19
 4.4263   21
 4.4313   23
 4.4363   30
 4.4413   32
 4.4463   25
 4.4513   17
 4.4563   19
 4.4613   30
 4.4663   31
 4.4713   33
 4.4763   33
 4.4813   33
 4.4863   32
 4.4913   29
 4.4963   23
 4.5012   25
 4.5062   29
 4.5112   32
 4.5162   33
 4.5212   32
 4.5262   31
 4.5312   26
 4.5362   20
 4.5412   20
 4.5462   24
 4.5512   28
 4.5562   30
 4.5612   26
 4.5662   24
 4.5712   23
 4.5762   24
 4.5812   24
 4.5862   16
 4.5912   19
 4.5962   25
 4.6012   28
 4.6062   23
 4.6112   25
 4.6162   19
 4.6212   17
 4.6262   23
 4.6312   21
 4.6362   17
 4.6412   19
 4.6462   17
 4.6512   19
 4.6562   24
 4.6612   24
 4.6662   19
 4.6712   25
 4.6762   24
 4.6812   16
 4.6862   18
 4.6912   19
 4.6962   19
 4.7012   15
 4.7062   12
 4.7112   14
 4.7162   19
 4.7212   18
 4.7262   15
 4.7312   16
 4.7362   15
 4.7412   19
 4.7462   22
 4.7512   19
 4.7562   19
 4.7612   24
 4.7662   24
 4.7712   18
 4.7762   18
 4.7812   16
 4.7862   13
 4.7912   18
 4.7962   21
 4.8012   21
 4.8062   19
 4.8112   18
 4.8162   17
 4.8212   14
 4.8262   11
 4.8312   11
 4.8361   15
 4.8411   17
 4.8461   15
 4.8511   16
 4.8561   17
 4.8611   23
 4.8661   23
 4.8711   18
 4.8761   23
 4.8811   20
 4.8861   16
 4.8911   19
 4.8961   20
 4.9011   18
 4.9061   16
 4.9111   15
 4.9161   13
 4.9211   12
 4.9261   15
 4.9311   16
 4.9361   18
 4.9411   18
 4.9461   19
 4.9511   18
 4.9561   21
 4.9611   21
 4.9661   13
 4.9711   16
 4.9761   15
 4.9811   16
 4.9861   20
 4.9911   12
 4.9961   16
 5.0011   18
 5.0061   13
 5.0111   15
 5.0161   18
 5.0211   22
 5.0261   21
 5.0311   15
 5.0361   14
 5.0411   16
 5.0461   17
 5.0511   16
 5.0561   14
 5.0611   15
 5.0661   17
 5.0711   17
 5.0761   15
 5.0811    9
 5.0861   13
 5.0911   21
 5.0961   18
 5.1011   17
 5.1061   15
 5.1111   15
 5.1161   13
 5.1211   16
 5.1261   13
 5.1311   12
 5.1361   12
 5.1411   12
 5.1461   17
 5.1511   14
 5.1561   13
 5.1611   15
  5.166   16
  5.171   11
  5.176    8
  5.181   13
  5.186   15
  5.191   13
  5.196   16
  5.201   17
  5.206   18
  5.211   12
  5.216   16
  5.221   14
  5.226    9
  5.231   12
  5.236   11
  5.241   13
  5.246   17
  5.251   11
  5.256   13
  5.261   16
  5.266   15
  5.271   14
  5.276   17
  5.281   15
  5.286   10
  5.291   15
  5.296   12
  5.301   11
  5.306   10
  5.311    9
  5.316   14
  5.321   12
  5.326   13
  5.331   12
  5.336    7
  5.341   13
  5.346   11
  5.351   17
  5.356   13
  5.361   12
  5.366   11
  5.371   13
  5.376   10
  5.381    9
  5.386    9
  5.391   14
  5.396   12
  5.401   10
  5.406   10
  5.411    9
  5.416   12
  5.421   17
  5.426   16
  5.431   11
  5.436   10
  5.441   12
  5.446   11
  5.451   13
  5.456   13
  5.461   10
  5.466    6
  5.471   11
  5.476    6
  5.481    7
  5.486   12
  5.491   13
  5.496   11
 5.5009   10
 5.5059   11
 5.5109    7
 5.5159   10
 5.5209   13
 5.5259   10
 5.5309   16
 5.5359   15
 5.5409   15
 5.5459   16
 5.5509   10
 5.5559   14
 5.5609   16
 5.5659   10
 5.5709   12
 5.5759    9
 5.5809    9
 5.5859   11
 5.5909   16
 5.5959   14
 5.6009    3
 5.6059   11
 5.6109   10
 5.6159   12
 5.6209   12
 5.6259    9
 5.6309   11
 5.6359    8
 5.6409   12
 5.6459    8
 5.6509   11
 5.6559   13
 5.6609    9
 5.6659   10
 5.6709   13
 5.6759   15
 5.6809   11
 5.6859   11
 5.6909   13
 5.6959   17
 5.7009   17
 5.7059   11
 5.7109   10
 5.7159   11
 5.7209   13
 5.7259   11
 5.7309   15
 5.7359   11
 5.7409   11
 5.7459    9
 5.7509    9
 5.7559   13
 5.7609   11
 5.7659   12
 5.7709   16
 5.7759    8
 5.7809    4
 5.7859   11
 5.7909   11
 5.7959   11
 5.8009   15
 5.8059    9
 5.8109   10
 5.8159    9
 5.8209   12
 5.8259   11
 5.8309   16
 5.8358   13
 5.8408   12
 5.8458   13
 5.8508   13
 5.8558    8
 5.8608   14
 5.8658   14
 5.8708    6
 5.8758    9
 5.8808   10
 5.8858   11
 5.8908    9
 5.8958   10
 5.9008   15
 5.9058    9
 5.9108    9
 5.9158   14
 5.9208   10
 5.9258   14
 5.9308   10
 5.9358    8
 5.9408   12
 5.9458    5
 5.9508   16
 5.9558   13
 5.9608   11
 5.9658    6
 5.9708   16
 5.9758   11
 5.9808    5
 5.9858   13
 5.9908    5
 5.9958   12
 6.0008    6
 6.0058   14
 6.0108    4
 6.0158   12
 6.0208   19
 6.0258    8
 6.0308   13
 6.0358    7
 6.0408   13
 6.0458    8
 6.0508   11
 6.0558    9
 6.0608    7
 6.0658   12
 6.0708    9
 6.0758    9
 6.0808    8
 6.0858   10
 6.0908    7
 6.0958    8
 6.1008    2
 6.1058    9
 6.1108    1
 6.1158   11
 6.1208    5
 6.1258   11
 6.1308    8
 6.1358   11
 6.1408    7
 6.1458   12
 6.1508   14
 6.1558   10
 6.1608   10
 6.1657    8
 6.1707    8
 6.1757   11
 6.1807    8
 6.1857    5
 6.1907   10
 6.1957    8
 6.2007   14
 6.2057    8
 6.2107    5
 6.2157   10
 6.2207    9
 6.2257    8
 6.2307    7
 6.2357   10
 6.2407    7
 6.2457    7
 6.2507   15
 6.2557    9
 6.2607    6
 6.2657    9
 6.2707    9
 6.2757    9
 6.2807   14
 6.2857   20
 6.2907   10
 6.2957   18
 6.3007   10
 6.3057    5
 6.3107   17
 6.3157   11
 6.3207   19
 6.3257   21
 6.3307   21
 6.3357   21
 6.3407   24
 6.3457   21
 6.3507   26
 6.3557   23
 6.3607   28
 6.3657   26
 6.3707   23
 6.3757   35
 6.3807   30
 6.3857   35
 6.3907   26
 6.3957   35
 6.4007   42
 6.4057   25
 6.4107   30
 6.4157   35
 6.4207   37
 6.4257   19
 6.4307   30
 6.4357   20
 6.4407   29
 6.4457   30
 6.4507   20
 6.4557   16
 6.4607   22
 6.4657   17
 6.4707   12
 6.4757   14
 6.4807   18
 6.4857   15
 6.4907   13
 6.4957   10
 6.5006   17
 6.5056   12
 6.5106   10
 6.5156   21
 6.5206    9
 6.5256   10
 6.5306   14
 6.5356    9
 6.5406    9
 6.5456   12
 6.5506   12
 6.5556    7
 6.5606    5
 6.5656    6
 6.5706   14
 6.5756    8
 6.5806    3
 6.5856    7
 6.5906    7
 6.5956    6
 6.6006   10
 6.6056   10
 6.6106   11
 6.6156    4
 6.6206   13
 6.6256    4
 6.6306    9
 6.6356    6
 6.6406   10
 6.6456    6
 6.6506   10
 6.6556    5
 6.6606    2
 6.6656    7
 6.6706    5
 6.6756    5
 6.6806   10
 6.6856   10
 6.6906    7
 6.6956    7
 6.7006    6
 6.7056    6
 6.7106    4
 6.7156    5
 6.7206    3
 6.7256   12
 6.7306    6
 6.7356    7
 6.7406   10
 6.7456    8
 6.7506   14
 6.7556    9
 6.7606    4
 6.7656    9
 6.7706    7
 6.7756    5
 6.7806    6
 6.7856    3
 6.7906   11
 6.7956   12
 6.8006    5
 6.8056    3
 6.8106    8
 6.8156    8
 6.8206    7
 6.8256    5
 6.8306    5
 6.8355    6
 6.8405    3
 6.8455   11
 6.8505    9
 6.8555    9
 6.8605    5
 6.8655    9
 6.8705    7
 6.8755    8
 6.8805    9
 6.8855   11
 6.8905    6
 6.8955    7
 6.9005    7
 6.9055    4
 6.9105    4
 6.9155    9
 6.9205    8
 6.9255    6
 6.9305    5
 6.9355   12
 6.9405   10
 6.9455    6
 6.9505    9
 6.9555    7
 6.9605   12
 6.9655    3
 6.9705    8
 6.9755   10
 6.9805    8
 6.9855    7
 6.9905   13
 6.9955   14
 7.0005    7
 7.0055    6
 7.0105   11
 7.0155   15
 7.0205    8
 7.0255    6
 7.0305    7
 7.0355    6
 7.0405    5
 7.0455    6
 7.0505   11
 7.0555   11
 7.0605    8
 7.0655   13
 7.0705   11
 7.0755    8
 7.0805   11
 7.0855    4
 7.0905    9
 7.0955    7
 7.1005   13
 7.1055    9
 7.1105    5
 7.1155    6
 7.1205    7
 7.1255    4
 7.1305    5
 7.1355    4
 7.1405    7
 7.1455    3
 7.1505    4
 7.1555    3
 7.1605    7
 7.1654    4
 7.1704    6
 7.1754   10
 7.1804    5
 7.1854    5
 7.1904    7
 7.1954    4
 7.2004    3
 7.2054    5
 7.2104    6
 7.2154    4
 7.2204    5
 7.2254    5
 7.2304    8
 7.2354    8
 7.2404    6
 7.2454    5
 7.2504    9
 7.2554    6
 7.2604    9
 7.2654    7
 7.2704    8
 7.2754    5
 7.2804    7
 7.2854    5
 7.2904    6
 7.2954    7
 7.3004   10
 7.3054    3
 7.3104    8
 7.3154    5
 7.3204    8
 7.3254    5
 7.3304    1
 7.3354    5
 7.3404    1
 7.3454    3
 7.3504    5
 7.3554    1
 7.3604    1
 7.3654    6
 7.3704    8
 7.3754    5
 7.3804    5
 7.3854    6
 7.3904    7
 7.3954    8
 7.4004    5
 7.4054    6
 7.4104    4
 7.4154    4
 7.4204    3
 7.4254    7
 7.4304    4
 7.4354    3
 7.4404    5
 7.4454   12
 7.4504    3
 7.4554    3
 7.4604    1
 7.4654    4
 7.4704    8
 7.4754    5
 7.4804    6
 7.4854    6
 7.4904    7
 7.4954    6
 7.5003    5
 7.5053    4
 7.5103    4
 7.5153    5
 7.5203    3
 7.5253    4
 7.5303    2
 7.5353    4
 7.5403    4
 7.5453    2
 7.5503    6
 7.5553    2
 7.5603    4
 7.5653    7
 7.5703    6
 7.5753    5
 7.5803    3
 7.5853    4
 7.5903    4
 7.5953    4
 7.6003    4
 7.6053    1
 7.6103   11
 7.6153    2
 7.6203    8
 7.6253    2
 7.6303    8
 7.6353    8
 7.6403    6
 7.6453    8
 7.6503    6
 7.6553    3
 7.6603    6
 7.6653    5
 7.6703    4
 7.6753    4
 7.6803    5
 7.6853    4
 7.6903    1
 7.6953    3
 7.7003    5
 7.7053    3
 7.7103    4
 7.7153    4
 7.7203    2
 7.7253    3
 7.7303    0
 7.7353    3
 7.7403    2
 7.7453    2
 7.7503    5
 7.7553    3
 7.7603    4
 7.7653    8
 7.7703    2
 7.7753    2
 7.7803    3
 7.7853    1
 7.7903    6
 7.7953    3
 7.8003    3
 7.8053    6
 7.8103    4
 7.8153    1
 7.8203    2
 7.8253    4
 7.8303    5
 7.8352    4
 7.8402    2
 7.8452    2
 7.8502    2
 7.8552    6
 7.8602    3
 7.8652    6
 7.8702    4
 7.8752    4
 7.8802    1
 7.8852    2
 7.8902    2
 7.8952    4
 7.9002    6
 7.9052    4
 7.9102    4
 7.9152    3
 7.9202    4
 7.9252    2
 7.9302    2
 7.9352    3
 7.9402    2
 7.9452    1
 7.9502    3
 7.9552    2
 7.9602    3
 7.9652    4
 7.9702    7
 7.9752    1
 7.9802    3
 7.9852    1
 7.9902    3
 7.9952    3
 8.0002    3
 8.0052    3
 8.0102    2
 8.0152    6
 8.0202    6
 8.0252    5
 8.0302    2
 8.0352    2
 8.0402    7
 8.0452    2
 8.0502    0
 8.0552    6
 8.0602    2
 8.0652    4
 8.0702    1
 8.0752    4
 8.0802    2
 8.0852    1
 8.0902    3
 8.0952    2
 8.1002    0
 8.1052    3
 8.1102    3
 8.1152    0
 8.1202    2
 8.1252    1
 8.1302    6
 8.1352    1
 8.1402    3
 8.1452    4
 8.1502    3
 8.1552    2
 8.1602    1
 8.1651    5
 8.1701    2
 8.1751    1
 8.1801    3
 8.1851    5
 8.1901    7
 8.1951    2
 8.2001    7
 8.2051    1
 8.2101    7
 8.2151    5
 8.2201    1
 8.2251    2
 8.2301    2
 8.2351    2
 8.2401    4
 8.2451    3
 8.2501    2
 8.2551    4
 8.2601    2
 8.2651    1
 8.2701    1
 8.2751    3
 8.2801    1
 8.2851    3
 8.2901    0
 8.2951    2
 8.3001    3
 8.3051    3
 8.3101    1
 8.3151    1
 8.3201    4
 8.3251    3
 8.3301    5
 8.3351    3
 8.3401    1
 8.3451    3
 8.3501    2
 8.3551    1
 8.3601    0
 8.3651    5
 8.3701    1
 8.3751    2
 8.3801    4
 8.3851    2
 8.3901    1
 8.3951    1
 8.4001    4
 8.4051    0
 8.4101    3
 8.4151    3
 8.4201    2
 8.4251    3
 8.4301    0
 8.4351    4
 8.4401    1
 8.4451    1
 8.4501    3
 8.4551    6
 8.4601    3
 8.4651    1
 8.4701    3
 8.4751    1
 8.4801    4
 8.4851    5
 8.4901    3
 8.4951    6
    8.5    1
  8.505    4
   8.51    1
  8.515    1
   8.52    3
  8.525    1
   8.53    2
  8.535    3
   8.54    1
  8.545    1
   8.55    3
  8.555    2
   8.56    2
  8.565    0
   8.57    5
  8.575    1
   8.58    1
  8.585    5
   8.59    5
  8.595    2
    8.6    0
  8.605    5
   8.61    1
  8.615    0
   8.62    5
  8.625    3
   8.63    0
  8.635    2
   8.64    1
  8.645    0
   8.65    3
  8.655    2
   8.66    2
  8.665    2
   8.67    1
  8.675    1
   8.68    1
  8.685    1
   8.69    2
  8.695    0
    8.7    0
  8.705    3
   8.71    1
  8.715    1
   8.72    2
  8.725    0
   8.73    1
  8.735    1
   8.74    2
  8.745    2
   8.75    1
  8.755    0
   8.76    0
  8.765    2
   8.77    1
  8.775    0
   8.78    0
  8.785    0
   8.79    1
  8.795    3
    8.8    0
  8.805    0
   8.81    0
  8.815    1
   8.82    2
  8.825    1
   8.83    1
 8.8349    5
 8.8399    2
 8.8449    1
 8.8499    0
 8.8549    0
 8.8599    0
 8.8649    0
 8.8699    1
 8.8749    3
 8.8799    4
 8.8849    0
 8.8899    0
 8.8949    1
 8.8999    1
 8.9049    2
 8.9099    3
 8.9149    1
 8.9199    2
 8.9249    1
 8.9299    0
 8.9349    0
 8.9399    2
 8.9449    1
 8.9499    2
 8.9549    1
 8.9599    1
 8.9649    0
 8.9699    1
 8.9749    0
 8.9799    1
 8.9849    0
 8.9899    0
 8.9949    0
 8.9999    1
 9.0049    1
 9.0099    0
 9.0149    3
 9.0199    2
 9.0249    0
 9.0299    0
 9.0349    1
 9.0399    1
 9.0449    0
 9.0499    0
 9.0549    1
 9.0599    1
 9.0649    0
 9.0699    1
 9.0749    0
 9.0799    1
 9.0849    2
 9.0899    1
 9.0949    1
 9.0999    2
 9.1049    0
 9.1099    0
 9.1149    0
 9.1199    1
 9.1249    0
 9.1299    1
 9.1349    1
 9.1399    1
 9.1449    2
 9.1499    1
 9.1549    0
 9.1599    1
 9.1648    0
 9.1698    0
 9.1748    0
 9.1798    1
 9.1848    0
 9.1898    0
 9.1948    1
 9.1998    2
 9.2048    0
 9.2098    1
 9.2148    1
 9.2198    0
 9.2248    0
 9.2298    0
 9.2348    1
 9.2398    1
 9.2448    1
 9.2498    0
 9.2548    0
 9.2598    0
 9.2648    0
 9.2698    0
 9.2748    0
 9.2798    1
 9.2848    2
 9.2898    0
 9.2948    1
 9.2998    2
 9.3048    0
 9.3098    1
 9.3148    0
 9.3198    0
 9.3248    1
 9.3298    0
 9.3348    0
 9.3398    0
 9.3448    0
 9.3498    0
 9.3548    0
 9.3598    0
 9.3648    0
 9.3698    0
 9.3748    0
 9.3798    0
 9.3848    0
 9.3898    1
 9.3948    0
 9.3998    0
 9.4048    0
 9.4098    1
 9.4148    0
 9.4198    0
 9.4248    0
 9.4298    0
 9.4348    0
 9.4398    0
 9.4448    0
 9.4498    0
 9.4548    0
 9.4598    0
 9.4648    0
 9.4698    0
 9.4748    0
 9.4798    0
 9.4848    0
 9.4898    0
 9.4948    0
 9.4997    0
 9.5047    0
 9.5097    0
 9.5147    0
 9.5197    0
 9.5247    0
 9.5297    0
 9.5347    0
 9.5397    0
 9.5447    0
 9.5497    0
 9.5547    0
 9.5597    0
 9.5647    0
 9.5697    0
 9.5747    0
 9.5797    0
 9.5847    0
 9.5897    0
 9.5947    0
 9.5997    0
 9.6047    0
 9.6097    0
 9.6147    0
 9.6197    0
 9.6247    0
 9.6297    0
 9.6347    0
 9.6397    0
 9.6447    0
 9.6497    0
 9.6547    0
 9.6597    0
 9.6647    0
 9.6697    0
 9.6747    0
 9.6797    0
 9.6847    0
 9.6897    0
 9.6947    0
 9.6997    0
 9.7047    0
 9.7097    0
 9.7147    0
 9.7197    0
 9.7247    0
 9.7297    0
 9.7347    0
 9.7397    0
 9.7447    0
 9.7497    0
 9.7547    0
 9.7597    0
 9.7647    0
 9.7697    0
 9.7747    0
 9.7797    0
 9.7847    0
 9.7897    0
 9.7947    0
 9.7997    0
 9.8047    0
 9.8097    0
 9.8147    0
 9.8197    0
 9.8247    0
 9.8297    0
