Bruker Nano GmbH Berlin, Germany
Esprit 2.x

Date: 8/21/2023 3:24:33 PM
Real time: 46398
Life time: 45968
Pulse density: 6874

Primary energy: 10
Beam current: -1
Take off angle: 35
Tilt angle: 0
Azimut angle: 45

Detector type: Custom type
Window type: slew AP3.3
Detector thickness: 0.45
Si dead layer:0

Calibration, lin.: 4.998
Calibration, abs.: -477.257
Mn FWHM: 124.4
Fano factor: 0.109
Channels: 2125

Energy Counts
-0.4773    0
-0.4723    0
-0.4673    0
-0.4623    0
-0.4573    0
-0.4523    0
-0.4473    0
-0.4423    0
-0.4373    0
-0.4323    0
-0.4273    0
-0.4223    0
-0.4173    0
-0.4123    0
-0.4073    0
-0.4023    0
-0.3973    0
-0.3923    0
-0.3873    0
-0.3823    0
-0.3773    0
-0.3723    0
-0.3673    0
-0.3623    0
-0.3573    0
-0.3523    0
-0.3473    0
-0.3423    0
-0.3373    0
-0.3323    0
-0.3273    0
-0.3223    0
-0.3173    0
-0.3123    0
-0.3073    0
-0.3023    0
-0.2973    0
-0.2923    0
-0.2873    0
-0.2823    0
-0.2773    0
-0.2723    0
-0.2673    0
-0.2623    0
-0.2573    0
-0.2523    0
-0.2473    0
-0.2423    0
-0.2373    0
-0.2323    0
-0.2273    0
-0.2223    0
-0.2173    0
-0.2123    0
-0.2073    0
-0.2023    0
-0.1973    0
-0.1923    0
-0.1873    0
-0.1823    0
-0.1773    0
-0.1723    0
-0.1673    0
-0.1624    0
-0.1574    0
-0.1524    0
-0.1474    0
-0.1424    0
-0.1374    0
-0.1324    0
-0.1274    0
-0.1224    0
-0.1174    0
-0.1124    0
-0.1074    0
-0.1024    0
-0.0974    0
-0.0924    0
-0.0874    0
-0.0824    0
-0.0774    0
-0.0724    2
-0.0674    5
-0.0624    9
-0.0574   25
-0.0524   71
-0.0474  133
-0.0424  335
-0.0374  695
-0.0324 1255
-0.0274 1986
-0.0224 3000
-0.0174 4155
-0.0124 5240
-0.0074 6189
-0.0024 6762
 0.0026 6713
 0.0076 6213
 0.0126 5190
 0.0176 4056
 0.0226 2968
 0.0276 1960
 0.0326 1156
 0.0376  672
 0.0426  361
 0.0476  172
 0.0526   86
 0.0576   38
 0.0626   19
 0.0676    6
 0.0726    2
 0.0776    1
 0.0826    0
 0.0876    2
 0.0926    0
 0.0976    0
 0.1026    0
 0.1076    0
 0.1126    0
 0.1176    0
 0.1226    6
 0.1276   59
 0.1326  101
 0.1376   80
 0.1426   78
 0.1476   73
 0.1526   65
 0.1576   60
 0.1626   62
 0.1675   69
 0.1725   73
 0.1775   70
 0.1825   63
 0.1875   71
 0.1925   67
 0.1975   74
 0.2025   77
 0.2075   75
 0.2125   84
 0.2175  104
 0.2225  134
 0.2275  162
 0.2325  215
 0.2375  286
 0.2425  359
 0.2475  467
 0.2525  586
 0.2575  694
 0.2625  791
 0.2675  858
 0.2725  924
 0.2775  955
 0.2825  925
 0.2875  860
 0.2925  761
 0.2975  635
 0.3025  495
 0.3075  392
 0.3125  302
 0.3175  222
 0.3225  161
 0.3275  126
 0.3325  110
 0.3375   94
 0.3425   89
 0.3475   85
 0.3525   88
 0.3575  110
 0.3625  130
 0.3675  127
 0.3725  128
 0.3775  147
 0.3825  158
 0.3875  163
 0.3925  180
 0.3975  184
 0.4025  213
 0.4075  192
 0.4125  220
 0.4175  215
 0.4225  211
 0.4275  229
 0.4325  233
 0.4375  271
 0.4425  282
 0.4475  333
 0.4525  408
 0.4575  477
 0.4625  679
 0.4675  966
 0.4725 1279
 0.4775 1690
 0.4825 2301
 0.4875 3086
 0.4925 4021
 0.4975 5074
 0.5024 6269
 0.5074 7264
 0.5124 8266
 0.5174 8941
 0.5224 9443
 0.5274 9307
 0.5324 8974
 0.5374 8276
 0.5424 7148
 0.5474 5985
 0.5524 4812
 0.5574 3791
 0.5624 2688
 0.5674 2020
 0.5724 1357
 0.5774  889
 0.5824  604
 0.5874  447
 0.5924  331
 0.5974  274
 0.6024  247
 0.6074  216
 0.6124  243
 0.6174  230
 0.6224  242
 0.6274  229
 0.6324  236
 0.6374  244
 0.6424  231
 0.6474  206
 0.6524  224
 0.6574  260
 0.6624  300
 0.6674  326
 0.6724  344
 0.6774  389
 0.6824  467
 0.6874  549
 0.6924  627
 0.6974  697
 0.7024  682
 0.7074  772
 0.7124  718
 0.7174  704
 0.7224  719
 0.7274  722
 0.7324  560
 0.7374  514
 0.7424  449
 0.7474  353
 0.7524  320
 0.7574  302
 0.7624  203
 0.7674  196
 0.7724  166
 0.7774  148
 0.7824  159
 0.7874  136
 0.7924  135
 0.7974  128
 0.8024  119
 0.8074  128
 0.8124  146
 0.8174  159
 0.8224  114
 0.8274  108
 0.8324  136
 0.8373  116
 0.8423  131
 0.8473  121
 0.8523  123
 0.8573  135
 0.8623  127
 0.8673  106
 0.8723  132
 0.8773  103
 0.8823  139
 0.8873  133
 0.8923  140
 0.8973  135
 0.9023  124
 0.9073  122
 0.9123  132
 0.9173  153
 0.9223  151
 0.9273  148
 0.9323  140
 0.9373  134
 0.9423  144
 0.9473  147
 0.9523  144
 0.9573  134
 0.9623  133
 0.9673  146
 0.9723  144
 0.9773  142
 0.9823  155
 0.9873  166
 0.9923  160
 0.9973  190
 1.0023  167
 1.0073  193
 1.0123  166
 1.0173  196
 1.0223  262
 1.0273  257
 1.0323  231
 1.0373  230
 1.0423  277
 1.0473  304
 1.0523  222
 1.0573  237
 1.0623  250
 1.0673  210
 1.0723  210
 1.0773  187
 1.0823  174
 1.0873  159
 1.0923  150
 1.0973  169
 1.1023  161
 1.1073  149
 1.1123  169
 1.1173  162
 1.1223  151
 1.1273  138
 1.1323  136
 1.1373  146
 1.1423  144
 1.1473  144
 1.1523  157
 1.1573  136
 1.1623  127
 1.1672  144
 1.1722  143
 1.1772  159
 1.1822  163
 1.1872  169
 1.1922  191
 1.1972  197
 1.2022  214
 1.2072  219
 1.2122  228
 1.2172  275
 1.2222  281
 1.2272  319
 1.2322  341
 1.2372  375
 1.2422  427
 1.2472  395
 1.2522  426
 1.2572  422
 1.2622  441
 1.2672  403
 1.2722  434
 1.2772  383
 1.2822  387
 1.2872  346
 1.2922  278
 1.2972  276
 1.3022  253
 1.3072  213
 1.3122  210
 1.3172  183
 1.3222  166
 1.3272  165
 1.3322  157
 1.3372  151
 1.3422  165
 1.3472  159
 1.3522  146
 1.3572  153
 1.3622  140
 1.3672  134
 1.3722  151
 1.3772  138
 1.3822  159
 1.3872  139
 1.3922  144
 1.3972  150
 1.4022  147
 1.4072  164
 1.4122  194
 1.4172  227
 1.4222  252
 1.4272  323
 1.4322  371
 1.4372  423
 1.4422  495
 1.4472  605
 1.4522  705
 1.4572  839
 1.4622  940
 1.4672 1087
 1.4722 1166
 1.4772 1210
 1.4822 1309
 1.4872 1458
 1.4922 1406
 1.4972 1318
 1.5021 1303
 1.5071 1286
 1.5121 1119
 1.5171 1019
 1.5221  878
 1.5271  759
 1.5321  664
 1.5371  576
 1.5421  465
 1.5471  427
 1.5521  369
 1.5571  300
 1.5621  250
 1.5671  236
 1.5721  215
 1.5771  181
 1.5821  175
 1.5871  178
 1.5921  176
 1.5971  162
 1.6021  158
 1.6071  154
 1.6121  128
 1.6171  141
 1.6221  143
 1.6271  142
 1.6321  155
 1.6371  165
 1.6421  163
 1.6471  172
 1.6521  202
 1.6571  245
 1.6621  306
 1.6671  374
 1.6721  457
 1.6771  599
 1.6821  765
 1.6871  922
 1.6921 1172
 1.6971 1418
 1.7021 1716
 1.7071 2083
 1.7121 2432
 1.7171 2774
 1.7221 3015
 1.7271 3274
 1.7321 3462
 1.7371 3591
 1.7421 3714
 1.7471 3683
 1.7521 3595
 1.7571 3438
 1.7621 3138
 1.7671 2890
 1.7721 2612
 1.7771 2252
 1.7821 1886
 1.7871 1591
 1.7921 1333
 1.7971 1088
 1.8021  901
 1.8071  722
 1.8121  601
 1.8171  500
 1.8221  419
 1.8271  370
 1.8321  337
  1.837  291
  1.842  259
  1.847  250
  1.852  227
  1.857  200
  1.862  184
  1.867  178
  1.872  178
  1.877  166
  1.882  148
  1.887  140
  1.892  138
  1.897  122
  1.902  107
  1.907  106
  1.912  109
  1.917  108
  1.922  101
  1.927   99
  1.932  104
  1.937  101
  1.942  102
  1.947  103
  1.952  104
  1.957  113
  1.962  131
  1.967  139
  1.972  144
  1.977  153
  1.982  152
  1.987  146
  1.992  150
  1.997  161
  2.002  180
  2.007  188
  2.012  190
  2.017  181
  2.022  172
  2.027  166
  2.032  158
  2.037  166
  2.042  157
  2.047  142
  2.052  142
  2.057  133
  2.062  126
  2.067  117
  2.072  112
  2.077  110
  2.082   97
  2.087   92
  2.092   95
  2.097   87
  2.102   91
  2.107   85
  2.112   89
  2.117  102
  2.122   97
  2.127   84
  2.132   82
  2.137   86
  2.142   91
  2.147   84
  2.152   84
  2.157   86
  2.162   88
 2.1669   86
 2.1719   84
 2.1769   96
 2.1819   90
 2.1869   87
 2.1919   95
 2.1969   87
 2.2019   91
 2.2069   94
 2.2119   84
 2.2169   88
 2.2219   87
 2.2269   86
 2.2319   82
 2.2369   88
 2.2419   85
 2.2469   99
 2.2519   91
 2.2569  101
 2.2619  102
 2.2669   98
 2.2719   86
 2.2769   95
 2.2819  107
 2.2869  104
 2.2919  115
 2.2969  110
 2.3019  104
 2.3069   98
 2.3119  100
 2.3169  103
 2.3219  103
 2.3269  100
 2.3319   97
 2.3369  117
 2.3419  103
 2.3469  102
 2.3519  109
 2.3569  104
 2.3619   97
 2.3669   93
 2.3719  102
 2.3769   92
 2.3819   96
 2.3869  101
 2.3919   93
 2.3969   88
 2.4019   83
 2.4069   93
 2.4119   80
 2.4169   77
 2.4219   86
 2.4269   90
 2.4319   90
 2.4369   78
 2.4419   78
 2.4469   80
 2.4519   96
 2.4569   85
 2.4619   89
 2.4669   83
 2.4719   88
 2.4769   83
 2.4819   86
 2.4869   83
 2.4919   74
 2.4969   63
 2.5018   88
 2.5068   92
 2.5118   81
 2.5168   78
 2.5218   61
 2.5268   65
 2.5318   75
 2.5368   78
 2.5418   68
 2.5468   71
 2.5518   75
 2.5568   85
 2.5618   83
 2.5668   90
 2.5718   83
 2.5768   75
 2.5818   76
 2.5868   90
 2.5918   95
 2.5968   84
 2.6018  100
 2.6068   96
 2.6118   96
 2.6168  100
 2.6218   95
 2.6268  111
 2.6318  105
 2.6368   93
 2.6418   88
 2.6468   91
 2.6518   91
 2.6568   88
 2.6618   93
 2.6668   92
 2.6718   80
 2.6768   64
 2.6818   62
 2.6868   81
 2.6918   79
 2.6968   68
 2.7018   64
 2.7068   71
 2.7118   72
 2.7168   62
 2.7218   62
 2.7268   66
 2.7318   78
 2.7368   75
 2.7418   66
 2.7468   82
 2.7518   72
 2.7568   67
 2.7618   78
 2.7668   54
 2.7718   53
 2.7768   73
 2.7818   74
 2.7868   68
 2.7918   61
 2.7968   81
 2.8018   67
 2.8068   67
 2.8118   63
 2.8168   70
 2.8218   63
 2.8268   51
 2.8318   70
 2.8367   70
 2.8417   62
 2.8467   69
 2.8517   55
 2.8567   66
 2.8617   60
 2.8667   68
 2.8717   49
 2.8767   67
 2.8817   66
 2.8867   63
 2.8917   68
 2.8967   71
 2.9017   60
 2.9067   47
 2.9117   69
 2.9167   58
 2.9217   61
 2.9267   38
 2.9317   65
 2.9367   61
 2.9417   53
 2.9467   56
 2.9517   62
 2.9567   53
 2.9617   73
 2.9667   62
 2.9717   70
 2.9767   55
 2.9817   68
 2.9867   77
 2.9917   51
 2.9967   66
 3.0017   62
 3.0067   68
 3.0117   59
 3.0167   64
 3.0217   64
 3.0267   77
 3.0317   65
 3.0367   66
 3.0417   57
 3.0467   65
 3.0517   56
 3.0567   58
 3.0617   67
 3.0667   64
 3.0717   54
 3.0767   65
 3.0817   52
 3.0867   42
 3.0917   59
 3.0967   49
 3.1017   48
 3.1067   62
 3.1117   56
 3.1167   52
 3.1217   57
 3.1267   54
 3.1317   47
 3.1367   51
 3.1417   51
 3.1467   59
 3.1517   51
 3.1567   55
 3.1617   69
 3.1666   51
 3.1716   58
 3.1766   62
 3.1816   68
 3.1866   53
 3.1916   61
 3.1966   62
 3.2016   58
 3.2066   67
 3.2116   58
 3.2166   73
 3.2216   79
 3.2266   74
 3.2316   78
 3.2366   78
 3.2416   92
 3.2466   86
 3.2516   96
 3.2566  114
 3.2616  112
 3.2666  119
 3.2716  138
 3.2766  134
 3.2816  142
 3.2866  152
 3.2916  167
 3.2966  170
 3.3016  158
 3.3066  192
 3.3116  168
 3.3166  171
 3.3216  176
 3.3266  176
 3.3316  174
 3.3366  150
 3.3416  151
 3.3466  158
 3.3516  150
 3.3566  120
 3.3616  104
 3.3666   92
 3.3716   87
 3.3766   90
 3.3816   67
 3.3866   73
 3.3916   72
 3.3966   84
 3.4016   61
 3.4066   53
 3.4116   61
 3.4166   61
 3.4216   50
 3.4266   48
 3.4316   48
 3.4366   42
 3.4416   58
 3.4466   53
 3.4516   42
 3.4566   51
 3.4616   57
 3.4666   44
 3.4716   44
 3.4766   53
 3.4816   46
 3.4866   36
 3.4916   51
 3.4966   49
 3.5015   43
 3.5065   39
 3.5115   41
 3.5165   53
 3.5215   65
 3.5265   55
 3.5315   55
 3.5365   46
 3.5415   38
 3.5465   48
 3.5515   51
 3.5565   52
 3.5615   54
 3.5665   58
 3.5715   46
 3.5765   57
 3.5815   60
 3.5865   46
 3.5915   67
 3.5965   62
 3.6015   63
 3.6065   66
 3.6115   61
 3.6165   59
 3.6215   65
 3.6265   60
 3.6315   76
 3.6365   68
 3.6415   71
 3.6465   77
 3.6515   61
 3.6565   66
 3.6615   73
 3.6665   75
 3.6715   67
 3.6765   72
 3.6815   75
 3.6865   72
 3.6915   82
 3.6965   71
 3.7015   82
 3.7065   78
 3.7115   77
 3.7165   66
 3.7215   52
 3.7265   77
 3.7315   71
 3.7365   51
 3.7415   57
 3.7465   69
 3.7515   60
 3.7565   44
 3.7615   46
 3.7665   41
 3.7715   56
 3.7765   49
 3.7815   37
 3.7865   46
 3.7915   34
 3.7965   58
 3.8015   48
 3.8065   35
 3.8115   44
 3.8165   47
 3.8215   43
 3.8265   39
 3.8315   36
 3.8364   32
 3.8414   35
 3.8464   37
 3.8514   35
 3.8564   34
 3.8614   41
 3.8664   40
 3.8714   41
 3.8764   38
 3.8814   31
 3.8864   35
 3.8914   30
 3.8964   37
 3.9014   42
 3.9064   33
 3.9114   43
 3.9164   44
 3.9214   44
 3.9264   44
 3.9314   54
 3.9364   35
 3.9414   39
 3.9464   38
 3.9514   38
 3.9564   47
 3.9614   37
 3.9664   34
 3.9714   38
 3.9764   44
 3.9814   39
 3.9864   49
 3.9914   48
 3.9964   37
 4.0014   44
 4.0064   40
 4.0114   36
 4.0164   40
 4.0214   35
 4.0264   38
 4.0314   39
 4.0364   52
 4.0414   47
 4.0464   44
 4.0514   42
 4.0564   35
 4.0614   36
 4.0664   39
 4.0714   37
 4.0764   43
 4.0814   37
 4.0864   34
 4.0914   40
 4.0964   40
 4.1014   38
 4.1064   36
 4.1114   34
 4.1164   46
 4.1214   43
 4.1264   36
 4.1314   41
 4.1364   27
 4.1414   27
 4.1464   34
 4.1514   40
 4.1564   33
 4.1614   42
 4.1663   36
 4.1713   24
 4.1763   27
 4.1813   39
 4.1863   35
 4.1913   38
 4.1963   38
 4.2013   28
 4.2063   38
 4.2113   36
 4.2163   36
 4.2213   32
 4.2263   33
 4.2313   27
 4.2363   31
 4.2413   28
 4.2463   29
 4.2513   27
 4.2563   34
 4.2613   26
 4.2663   28
 4.2713   29
 4.2763   34
 4.2813   35
 4.2863   39
 4.2913   31
 4.2963   38
 4.3013   44
 4.3063   37
 4.3113   30
 4.3163   37
 4.3213   34
 4.3263   31
 4.3313   29
 4.3363   33
 4.3413   36
 4.3463   31
 4.3513   35
 4.3563   35
 4.3613   38
 4.3663   32
 4.3713   29
 4.3763   34
 4.3813   28
 4.3863   26
 4.3913   34
 4.3963   31
 4.4013   27
 4.4063   34
 4.4113   33
 4.4163   36
 4.4213   42
 4.4263   42
 4.4313   45
 4.4363   35
 4.4413   33
 4.4463   36
 4.4513   45
 4.4563   45
 4.4613   41
 4.4663   42
 4.4713   56
 4.4763   55
 4.4813   49
 4.4863   46
 4.4913   52
 4.4963   57
 4.5012   53
 4.5062   55
 4.5112   63
 4.5162   56
 4.5212   52
 4.5262   50
 4.5312   47
 4.5362   46
 4.5412   50
 4.5462   38
 4.5512   39
 4.5562   52
 4.5612   50
 4.5662   37
 4.5712   32
 4.5762   42
 4.5812   41
 4.5862   32
 4.5912   31
 4.5962   31
 4.6012   24
 4.6062   24
 4.6112   27
 4.6162   31
 4.6212   29
 4.6262   30
 4.6312   27
 4.6362   29
 4.6412   29
 4.6462   32
 4.6512   27
 4.6562   25
 4.6612   32
 4.6662   32
 4.6712   28
 4.6762   27
 4.6812   30
 4.6862   30
 4.6912   25
 4.6962   27
 4.7012   29
 4.7062   25
 4.7112   25
 4.7162   31
 4.7212   34
 4.7262   26
 4.7312   19
 4.7362   22
 4.7412   23
 4.7462   24
 4.7512   24
 4.7562   22
 4.7612   25
 4.7662   29
 4.7712   32
 4.7762   33
 4.7812   32
 4.7862   31
 4.7912   30
 4.7962   34
 4.8012   34
 4.8062   32
 4.8112   27
 4.8162   24
 4.8212   20
 4.8262   15
 4.8312   22
 4.8361   27
 4.8411   28
 4.8461   21
 4.8511   23
 4.8561   30
 4.8611   29
 4.8661   28
 4.8711   23
 4.8761   25
 4.8811   25
 4.8861   24
 4.8911   27
 4.8961   26
 4.9011   26
 4.9061   32
 4.9111   34
 4.9161   35
 4.9211   36
 4.9261   30
 4.9311   24
 4.9361   27
 4.9411   26
 4.9461   26
 4.9511   24
 4.9561   24
 4.9611   26
 4.9661   31
 4.9711   28
 4.9761   25
 4.9811   24
 4.9861   23
 4.9911   26
 4.9961   25
 5.0011   26
 5.0061   25
 5.0111   29
 5.0161   27
 5.0211   25
 5.0261   27
 5.0311   25
 5.0361   23
 5.0411   24
 5.0461   23
 5.0511   29
 5.0561   25
 5.0611   24
 5.0661   25
 5.0711   19
 5.0761   18
 5.0811   22
 5.0861   23
 5.0911   23
 5.0961   24
 5.1011   22
 5.1061   24
 5.1111   29
 5.1161   27
 5.1211   22
 5.1261   16
 5.1311   21
 5.1361   21
 5.1411   21
 5.1461   24
 5.1511   25
 5.1561   27
 5.1611   21
  5.166   22
  5.171   24
  5.176   24
  5.181   25
  5.186   23
  5.191   23
  5.196   21
  5.201   21
  5.206   21
  5.211   21
  5.216   26
  5.221   23
  5.226   20
  5.231   19
  5.236   18
  5.241   25
  5.246   24
  5.251   24
  5.256   24
  5.261   18
  5.266   17
  5.271   21
  5.276   17
  5.281   21
  5.286   20
  5.291   22
  5.296   27
  5.301   18
  5.306   20
  5.311   22
  5.316   17
  5.321   17
  5.326   24
  5.331   23
  5.336   19
  5.341   18
  5.346   21
  5.351   21
  5.356   21
  5.361   22
  5.366   23
  5.371   32
  5.376   18
  5.381   16
  5.386   19
  5.391   22
  5.396   15
  5.401   20
  5.406   22
  5.411   22
  5.416   25
  5.421   21
  5.426   23
  5.431   18
  5.436   15
  5.441   24
  5.446   23
  5.451   19
  5.456   24
  5.461   17
  5.466   20
  5.471   17
  5.476   19
  5.481   17
  5.486   19
  5.491   30
  5.496   24
 5.5009   26
 5.5059   26
 5.5109   24
 5.5159   28
 5.5209   15
 5.5259   24
 5.5309   20
 5.5359   31
 5.5409   22
 5.5459   19
 5.5509   17
 5.5559   20
 5.5609   21
 5.5659   17
 5.5709   21
 5.5759   18
 5.5809   25
 5.5859   23
 5.5909   17
 5.5959   14
 5.6009   17
 5.6059   21
 5.6109   12
 5.6159   17
 5.6209   18
 5.6259   20
 5.6309   26
 5.6359   24
 5.6409   26
 5.6459   21
 5.6509   18
 5.6559   16
 5.6609   16
 5.6659   15
 5.6709   21
 5.6759   14
 5.6809   19
 5.6859   26
 5.6909   17
 5.6959   22
 5.7009   19
 5.7059   22
 5.7109   17
 5.7159   16
 5.7209   24
 5.7259   19
 5.7309   25
 5.7359   16
 5.7409   19
 5.7459   24
 5.7509   20
 5.7559   25
 5.7609   19
 5.7659   21
 5.7709   19
 5.7759   22
 5.7809   13
 5.7859   10
 5.7909   17
 5.7959   18
 5.8009    6
 5.8059   17
 5.8109   12
 5.8159   21
 5.8209   27
 5.8259   27
 5.8309   17
 5.8358   13
 5.8408   27
 5.8458   14
 5.8508   16
 5.8558   24
 5.8608   15
 5.8658   17
 5.8708   23
 5.8758   16
 5.8808   16
 5.8858   13
 5.8908   11
 5.8958   16
 5.9008   20
 5.9058   23
 5.9108    9
 5.9158   21
 5.9208   21
 5.9258   16
 5.9308   19
 5.9358   30
 5.9408   19
 5.9458   13
 5.9508   24
 5.9558   20
 5.9608   25
 5.9658   20
 5.9708   10
 5.9758   18
 5.9808   20
 5.9858   12
 5.9908   11
 5.9958   26
 6.0008   17
 6.0058   15
 6.0108   17
 6.0158   13
 6.0208   11
 6.0258   19
 6.0308   15
 6.0358   17
 6.0408   14
 6.0458   18
 6.0508   20
 6.0558   10
 6.0608   11
 6.0658   17
 6.0708   16
 6.0758   14
 6.0808   18
 6.0858   16
 6.0908   19
 6.0958   15
 6.1008   19
 6.1058   11
 6.1108   14
 6.1158   13
 6.1208   20
 6.1258   24
 6.1308   15
 6.1358   13
 6.1408   10
 6.1458   16
 6.1508   10
 6.1558   12
 6.1608   17
 6.1657   14
 6.1707   13
 6.1757   10
 6.1807   20
 6.1857   13
 6.1907   15
 6.1957   15
 6.2007   25
 6.2057   15
 6.2107   12
 6.2157   17
 6.2207   21
 6.2257   22
 6.2307   15
 6.2357   15
 6.2407   16
 6.2457   22
 6.2507   20
 6.2557   19
 6.2607   10
 6.2657   19
 6.2707   22
 6.2757   20
 6.2807   23
 6.2857   25
 6.2907   49
 6.2957   25
 6.3007   41
 6.3057   28
 6.3107   26
 6.3157   42
 6.3207   39
 6.3257   47
 6.3307   51
 6.3357   53
 6.3407   63
 6.3457   67
 6.3507   73
 6.3557   63
 6.3607   92
 6.3657  101
 6.3707  110
 6.3757   88
 6.3807   95
 6.3857   88
 6.3907   89
 6.3957   89
 6.4007  112
 6.4057  116
 6.4107   87
 6.4157   82
 6.4207   76
 6.4257   91
 6.4307   92
 6.4357   74
 6.4407   73
 6.4457   80
 6.4507   62
 6.4557   70
 6.4607   50
 6.4657   45
 6.4707   47
 6.4757   45
 6.4807   45
 6.4857   33
 6.4907   36
 6.4957   31
 6.5006   36
 6.5056   29
 6.5106   28
 6.5156   24
 6.5206   22
 6.5256   24
 6.5306   18
 6.5356   13
 6.5406   16
 6.5456   14
 6.5506   12
 6.5556   14
 6.5606   14
 6.5656   11
 6.5706   17
 6.5756   15
 6.5806   12
 6.5856   22
 6.5906   14
 6.5956   15
 6.6006   10
 6.6056    8
 6.6106   15
 6.6156   12
 6.6206    8
 6.6256    8
 6.6306   12
 6.6356    9
 6.6406   10
 6.6456   13
 6.6506   11
 6.6556    9
 6.6606   12
 6.6656   14
 6.6706   11
 6.6756   14
 6.6806   14
 6.6856   17
 6.6906    9
 6.6956   14
 6.7006    3
 6.7056   16
 6.7106    7
 6.7156    7
 6.7206   13
 6.7256   12
 6.7306    8
 6.7356    9
 6.7406   11
 6.7456   16
 6.7506   10
 6.7556   12
 6.7606    8
 6.7656   18
 6.7706    9
 6.7756    9
 6.7806   12
 6.7856    7
 6.7906   12
 6.7956    9
 6.8006   12
 6.8056    5
 6.8106   12
 6.8156   15
 6.8206    6
 6.8256   14
 6.8306   10
 6.8355   11
 6.8405   10
 6.8455   12
 6.8505   16
 6.8555   15
 6.8605   13
 6.8655   14
 6.8705   14
 6.8755   16
 6.8805   10
 6.8855   13
 6.8905   12
 6.8955    6
 6.9005   14
 6.9055   13
 6.9105   19
 6.9155    8
 6.9205    8
 6.9255    7
 6.9305    9
 6.9355   14
 6.9405    8
 6.9455   16
 6.9505   15
 6.9555   10
 6.9605   10
 6.9655   13
 6.9705   18
 6.9755    8
 6.9805   15
 6.9855   26
 6.9905   11
 6.9955   12
 7.0005   14
 7.0055   18
 7.0105   23
 7.0155   15
 7.0205   18
 7.0255   13
 7.0305   18
 7.0355   15
 7.0405   15
 7.0455   20
 7.0505   17
 7.0555   21
 7.0605   29
 7.0655   18
 7.0705   21
 7.0755   20
 7.0805   19
 7.0855   14
 7.0905   17
 7.0955   21
 7.1005   11
 7.1055   16
 7.1105   18
 7.1155   11
 7.1205   23
 7.1255   16
 7.1305    9
 7.1355   12
 7.1405   13
 7.1455   14
 7.1505    8
 7.1555   13
 7.1605    8
 7.1654   11
 7.1704   26
 7.1754    9
 7.1804    8
 7.1854    6
 7.1904    6
 7.1954   13
 7.2004   14
 7.2054   13
 7.2104   14
 7.2154   11
 7.2204    6
 7.2254    7
 7.2304   14
 7.2354    9
 7.2404   10
 7.2454    5
 7.2504    6
 7.2554    5
 7.2604    8
 7.2654   12
 7.2704    7
 7.2754    8
 7.2804   12
 7.2854    7
 7.2904   11
 7.2954    7
 7.3004    4
 7.3054    6
 7.3104    5
 7.3154    3
 7.3204   13
 7.3254    9
 7.3304   12
 7.3354    7
 7.3404    5
 7.3454    3
 7.3504    6
 7.3554    7
 7.3604    9
 7.3654   11
 7.3704   10
 7.3754   14
 7.3804    6
 7.3854    4
 7.3904    7
 7.3954   10
 7.4004   11
 7.4054   11
 7.4104    7
 7.4154    9
 7.4204    9
 7.4254   18
 7.4304   11
 7.4354    9
 7.4404    8
 7.4454    6
 7.4504    8
 7.4554    4
 7.4604    5
 7.4654    6
 7.4704    6
 7.4754    7
 7.4804    6
 7.4854    9
 7.4904   11
 7.4954    8
 7.5003    4
 7.5053   10
 7.5103    7
 7.5153    7
 7.5203    8
 7.5253    7
 7.5303    6
 7.5353    9
 7.5403    7
 7.5453    9
 7.5503    9
 7.5553    4
 7.5603    3
 7.5653   10
 7.5703    9
 7.5753    6
 7.5803    5
 7.5853    8
 7.5903    9
 7.5953    7
 7.6003    4
 7.6053    7
 7.6103    6
 7.6153   11
 7.6203    6
 7.6253    9
 7.6303    2
 7.6353    9
 7.6403    4
 7.6453    6
 7.6503    5
 7.6553    3
 7.6603    8
 7.6653    8
 7.6703    6
 7.6753   10
 7.6803   10
 7.6853    8
 7.6903   11
 7.6953    4
 7.7003    5
 7.7053   10
 7.7103    0
 7.7153   10
 7.7203    7
 7.7253    3
 7.7303    7
 7.7353   10
 7.7403    3
 7.7453    8
 7.7503    4
 7.7553    4
 7.7603    5
 7.7653    8
 7.7703    3
 7.7753    9
 7.7803    4
 7.7853    8
 7.7903    3
 7.7953    6
 7.8003    4
 7.8053    3
 7.8103   11
 7.8153   11
 7.8203    6
 7.8253    8
 7.8303    7
 7.8352    6
 7.8402    7
 7.8452    2
 7.8502    9
 7.8552    4
 7.8602    5
 7.8652    4
 7.8702    3
 7.8752    6
 7.8802    7
 7.8852    2
 7.8902    7
 7.8952    7
 7.9002    2
 7.9052    8
 7.9102    5
 7.9152    3
 7.9202    4
 7.9252    3
 7.9302    6
 7.9352    7
 7.9402    8
 7.9452   11
 7.9502    3
 7.9552    2
 7.9602    4
 7.9652    9
 7.9702   10
 7.9752    9
 7.9802    1
 7.9852    6
 7.9902    3
 7.9952    2
 8.0002    4
 8.0052    8
 8.0102    5
 8.0152    5
 8.0202    4
 8.0252    6
 8.0302    5
 8.0352    6
 8.0402    5
 8.0452    6
 8.0502    5
 8.0552    6
 8.0602    8
 8.0652    3
 8.0702    7
 8.0752    6
 8.0802    6
 8.0852    4
 8.0902    5
 8.0952    5
 8.1002    2
 8.1052    4
 8.1102    4
 8.1152    7
 8.1202    7
 8.1252    3
 8.1302    3
 8.1352    6
 8.1402    5
 8.1452    8
 8.1502    3
 8.1552    9
 8.1602    4
 8.1651    5
 8.1701    5
 8.1751    4
 8.1801    3
 8.1851    5
 8.1901    4
 8.1951    7
 8.2001    1
 8.2051    4
 8.2101    8
 8.2151    2
 8.2201    2
 8.2251    3
 8.2301    4
 8.2351    4
 8.2401    5
 8.2451    3
 8.2501    2
 8.2551    5
 8.2601    3
 8.2651    4
 8.2701    2
 8.2751    5
 8.2801    5
 8.2851    2
 8.2901    3
 8.2951    9
 8.3001    0
 8.3051    6
 8.3101    4
 8.3151    2
 8.3201    6
 8.3251    3
 8.3301    5
 8.3351    4
 8.3401    4
 8.3451    9
 8.3501    3
 8.3551   10
 8.3601    4
 8.3651    7
 8.3701    6
 8.3751    7
 8.3801    1
 8.3851    3
 8.3901    1
 8.3951    2
 8.4001    3
 8.4051    3
 8.4101    9
 8.4151    7
 8.4201    5
 8.4251    2
 8.4301    6
 8.4351    2
 8.4401    4
 8.4451    3
 8.4501    2
 8.4551    1
 8.4601    4
 8.4651    4
 8.4701    3
 8.4751    4
 8.4801    5
 8.4851    5
 8.4901    1
 8.4951    3
    8.5    3
  8.505    2
   8.51    1
  8.515    6
   8.52    2
  8.525    4
   8.53    2
  8.535    5
   8.54    5
  8.545    5
   8.55    5
  8.555    4
   8.56    1
  8.565    0
   8.57    3
  8.575    2
   8.58    1
  8.585    4
   8.59    6
  8.595    3
    8.6    6
  8.605    7
   8.61    7
  8.615    2
   8.62    3
  8.625    0
   8.63    5
  8.635    5
   8.64    3
  8.645    5
   8.65    3
  8.655    5
   8.66    0
  8.665    2
   8.67    2
  8.675    1
   8.68    5
  8.685    1
   8.69    5
  8.695    3
    8.7    4
  8.705    4
   8.71    1
  8.715    6
   8.72    5
  8.725    0
   8.73    2
  8.735    3
   8.74    4
  8.745    6
   8.75    1
  8.755    3
   8.76    3
  8.765    1
   8.77    2
  8.775    4
   8.78    4
  8.785    3
   8.79    1
  8.795    1
    8.8    6
  8.805    6
   8.81    2
  8.815    1
   8.82    3
  8.825    2
   8.83    1
 8.8349    3
 8.8399    2
 8.8449    1
 8.8499    2
 8.8549    2
 8.8599    5
 8.8649    2
 8.8699    1
 8.8749    1
 8.8799    7
 8.8849    2
 8.8899    2
 8.8949    4
 8.8999    4
 8.9049    2
 8.9099    0
 8.9149    2
 8.9199    3
 8.9249    2
 8.9299    0
 8.9349    2
 8.9399    2
 8.9449    2
 8.9499    0
 8.9549    2
 8.9599    4
 8.9649    3
 8.9699    1
 8.9749    0
 8.9799    2
 8.9849    4
 8.9899    1
 8.9949    4
 8.9999    0
 9.0049    1
 9.0099    2
 9.0149    0
 9.0199    4
 9.0249    0
 9.0299    2
 9.0349    2
 9.0399    3
 9.0449    4
 9.0499    1
 9.0549    2
 9.0599    2
 9.0649    1
 9.0699    1
 9.0749    1
 9.0799    3
 9.0849    0
 9.0899    4
 9.0949    2
 9.0999    1
 9.1049    0
 9.1099    2
 9.1149    1
 9.1199    1
 9.1249    1
 9.1299    2
 9.1349    1
 9.1399    1
 9.1449    0
 9.1499    5
 9.1549    1
 9.1599    1
 9.1648    2
 9.1698    2
 9.1748    0
 9.1798    1
 9.1848    3
 9.1898    0
 9.1948    3
 9.1998    3
 9.2048    2
 9.2098    2
 9.2148    0
 9.2198    3
 9.2248    2
 9.2298    0
 9.2348    0
 9.2398    1
 9.2448    1
 9.2498    1
 9.2548    0
 9.2598    1
 9.2648    1
 9.2698    2
 9.2748    0
 9.2798    1
 9.2848    0
 9.2898    4
 9.2948    2
 9.2998    2
 9.3048    1
 9.3098    0
 9.3148    0
 9.3198    0
 9.3248    0
 9.3298    3
 9.3348    0
 9.3398    2
 9.3448    2
 9.3498    2
 9.3548    0
 9.3598    1
 9.3648    2
 9.3698    0
 9.3748    0
 9.3798    0
 9.3848    1
 9.3898    0
 9.3948    2
 9.3998    0
 9.4048    0
 9.4098    1
 9.4148    2
 9.4198    0
 9.4248    1
 9.4298    1
 9.4348    1
 9.4398    4
 9.4448    0
 9.4498    0
 9.4548    0
 9.4598    0
 9.4648    1
 9.4698    3
 9.4748    0
 9.4798    0
 9.4848    0
 9.4898    1
 9.4948    1
 9.4997    0
 9.5047    1
 9.5097    0
 9.5147    0
 9.5197    0
 9.5247    0
 9.5297    1
 9.5347    0
 9.5397    0
 9.5447    1
 9.5497    0
 9.5547    0
 9.5597    0
 9.5647    1
 9.5697    0
 9.5747    1
 9.5797    1
 9.5847    0
 9.5897    0
 9.5947    0
 9.5997    1
 9.6047    0
 9.6097    0
 9.6147    0
 9.6197    0
 9.6247    0
 9.6297    0
 9.6347    0
 9.6397    0
 9.6447    0
 9.6497    0
 9.6547    0
 9.6597    0
 9.6647    0
 9.6697    1
 9.6747    0
 9.6797    0
 9.6847    1
 9.6897    0
 9.6947    0
 9.6997    0
 9.7047    0
 9.7097    0
 9.7147    0
 9.7197    0
 9.7247    0
 9.7297    0
 9.7347    0
 9.7397    0
 9.7447    0
 9.7497    0
 9.7547    0
 9.7597    0
 9.7647    0
 9.7697    0
 9.7747    0
 9.7797    0
 9.7847    0
 9.7897    0
 9.7947    0
 9.7997    0
 9.8047    0
 9.8097    0
 9.8147    0
 9.8197    0
 9.8247    0
 9.8297    0
 9.8346    0
 9.8396    0
 9.8446    0
 9.8496    0
 9.8546    0
 9.8596    0
 9.8646    0
 9.8696    0
 9.8746    0
 9.8796    0
 9.8846    0
 9.8896    0
 9.8946    0
 9.8996    0
 9.9046    0
 9.9096    0
 9.9146    0
 9.9196    0
 9.9246    0
 9.9296    0
 9.9346    0
 9.9396    0
 9.9446    0
 9.9496    0
 9.9546    0
 9.9596    0
 9.9646    0
 9.9696    0
 9.9746    0
 9.9796    0
 9.9846    0
 9.9896    0
 9.9946    0
 9.9996    0
10.0046    0
10.0096    0
10.0146    0
10.0196    0
10.0246    0
10.0296    0
10.0346    0
10.0396    0
10.0446    0
10.0496    0
10.0546    0
10.0596    0
10.0646    0
10.0696    0
10.0746    0
10.0796    0
10.0846    0
10.0896    0
10.0946    0
10.0996    0
10.1046    0
10.1096    0
10.1146    0
10.1196    0
10.1246    0
10.1296    0
10.1346    0
10.1396    0
