Bruker Nano GmbH Berlin, Germany
Esprit 2.x

Date: 8/21/2023 3:45:55 PM
Real time: 56278
Life time: 55857
Pulse density: 5754

Primary energy: 10
Beam current: -1
Take off angle: 35
Tilt angle: 0
Azimut angle: 45

Detector type: Custom type
Window type: slew AP3.3
Detector thickness: 0.45
Si dead layer:0

Calibration, lin.: 4.998
Calibration, abs.: -477.257
Mn FWHM: 124.4
Fano factor: 0.109
Channels: 2070

Energy Counts
-0.4773    0
-0.4723    0
-0.4673    0
-0.4623    0
-0.4573    0
-0.4523    0
-0.4473    0
-0.4423    0
-0.4373    0
-0.4323    0
-0.4273    0
-0.4223    0
-0.4173    0
-0.4123    0
-0.4073    0
-0.4023    0
-0.3973    0
-0.3923    0
-0.3873    0
-0.3823    0
-0.3773    0
-0.3723    0
-0.3673    0
-0.3623    0
-0.3573    0
-0.3523    0
-0.3473    0
-0.3423    0
-0.3373    0
-0.3323    0
-0.3273    0
-0.3223    0
-0.3173    0
-0.3123    0
-0.3073    0
-0.3023    0
-0.2973    0
-0.2923    0
-0.2873    0
-0.2823    0
-0.2773    0
-0.2723    0
-0.2673    0
-0.2623    0
-0.2573    0
-0.2523    0
-0.2473    0
-0.2423    0
-0.2373    0
-0.2323    0
-0.2273    0
-0.2223    0
-0.2173    0
-0.2123    0
-0.2073    0
-0.2023    0
-0.1973    0
-0.1923    0
-0.1873    0
-0.1823    0
-0.1773    0
-0.1723    0
-0.1673    0
-0.1624    0
-0.1574    0
-0.1524    0
-0.1474    0
-0.1424    0
-0.1374    0
-0.1324    0
-0.1274    0
-0.1224    0
-0.1174    0
-0.1124    0
-0.1074    0
-0.1024    0
-0.0974    0
-0.0924    1
-0.0874    0
-0.0824    0
-0.0774    0
-0.0724    1
-0.0674    7
-0.0624   16
-0.0574   35
-0.0524   95
-0.0474  210
-0.0424  408
-0.0374  737
-0.0324 1371
-0.0274 2234
-0.0224 3445
-0.0174 4742
-0.0124 6057
-0.0074 7198
-0.0024 7876
 0.0026 7792
 0.0076 7161
 0.0126 6013
 0.0176 4742
 0.0226 3376
 0.0276 2275
 0.0326 1406
 0.0376  757
 0.0426  391
 0.0476  201
 0.0526   84
 0.0576   41
 0.0626   17
 0.0676    6
 0.0726    4
 0.0776    3
 0.0826    0
 0.0876    0
 0.0926    0
 0.0976    0
 0.1026    1
 0.1076    0
 0.1126    0
 0.1176    0
 0.1226    5
 0.1276   62
 0.1326  114
 0.1376   83
 0.1426   72
 0.1476   68
 0.1526   68
 0.1576   70
 0.1626   68
 0.1675   64
 0.1725   57
 0.1775   50
 0.1825   46
 0.1875   49
 0.1925   54
 0.1975   60
 0.2025   67
 0.2075   75
 0.2125   89
 0.2175  114
 0.2225  149
 0.2275  190
 0.2325  235
 0.2375  290
 0.2425  400
 0.2475  551
 0.2525  707
 0.2575  870
 0.2625 1009
 0.2675 1115
 0.2725 1202
 0.2775 1222
 0.2825 1235
 0.2875 1148
 0.2925  952
 0.2975  786
 0.3025  610
 0.3075  473
 0.3125  364
 0.3175  245
 0.3225  180
 0.3275  134
 0.3325   89
 0.3375   55
 0.3425   60
 0.3475   76
 0.3525   69
 0.3575   69
 0.3625   83
 0.3675   81
 0.3725   98
 0.3775  116
 0.3825  131
 0.3875  137
 0.3925  136
 0.3975  148
 0.4025  142
 0.4075  146
 0.4125  149
 0.4175  143
 0.4225  147
 0.4275  163
 0.4325  194
 0.4375  198
 0.4425  235
 0.4475  249
 0.4525  331
 0.4575  428
 0.4625  554
 0.4675  742
 0.4725  973
 0.4775 1400
 0.4825 1812
 0.4875 2514
 0.4925 3334
 0.4975 4244
 0.5024 5160
 0.5074 6014
 0.5124 6955
 0.5174 7562
 0.5224 7871
 0.5274 7805
 0.5324 7453
 0.5374 6927
 0.5424 6184
 0.5474 5139
 0.5524 3958
 0.5574 3177
 0.5624 2282
 0.5674 1613
 0.5724 1136
 0.5774  755
 0.5824  506
 0.5874  315
 0.5924  200
 0.5974  128
 0.6024   81
 0.6074   82
 0.6124   91
 0.6174   92
 0.6224   86
 0.6274   85
 0.6324   71
 0.6374   80
 0.6424   92
 0.6474   81
 0.6524   90
 0.6574   84
 0.6624  102
 0.6674   81
 0.6724   81
 0.6774  115
 0.6824   96
 0.6874  131
 0.6924  133
 0.6974  162
 0.7024  174
 0.7074  178
 0.7124  146
 0.7174  152
 0.7224  148
 0.7274  137
 0.7324  136
 0.7374  118
 0.7424  115
 0.7474  111
 0.7524  113
 0.7574  109
 0.7624  102
 0.7674   88
 0.7724   92
 0.7774  103
 0.7824   74
 0.7874   95
 0.7924  101
 0.7974   96
 0.8024  108
 0.8074   87
 0.8124   88
 0.8174   84
 0.8224   78
 0.8274  115
 0.8324   74
 0.8373  113
 0.8423  103
 0.8473  102
 0.8523  109
 0.8573  100
 0.8623  108
 0.8673  115
 0.8723   99
 0.8773   96
 0.8823  114
 0.8873  107
 0.8923   97
 0.8973  115
 0.9023  123
 0.9073  103
 0.9123  111
 0.9173  104
 0.9223  108
 0.9273  122
 0.9323  136
 0.9373  116
 0.9423  124
 0.9473  133
 0.9523  121
 0.9573  146
 0.9623  121
 0.9673  153
 0.9723  178
 0.9773  161
 0.9823  218
 0.9873  222
 0.9923  306
 0.9973  373
 1.0023  413
 1.0073  542
 1.0123  600
 1.0173  687
 1.0223  804
 1.0273  942
 1.0323  986
 1.0373 1075
 1.0423 1084
 1.0473 1103
 1.0523 1060
 1.0573 1046
 1.0623  979
 1.0673  896
 1.0723  821
 1.0773  608
 1.0823  519
 1.0873  456
 1.0923  350
 1.0973  318
 1.1023  236
 1.1073  219
 1.1123  189
 1.1173  168
 1.1223  151
 1.1273  114
 1.1323  131
 1.1373  129
 1.1423  114
 1.1473  138
 1.1523  131
 1.1573  120
 1.1623  113
 1.1672  125
 1.1722  112
 1.1772  116
 1.1822  126
 1.1872  107
 1.1922  140
 1.1972  143
 1.2022  135
 1.2072  166
 1.2122  165
 1.2172  181
 1.2222  147
 1.2272  176
 1.2322  203
 1.2372  219
 1.2422  216
 1.2472  238
 1.2522  227
 1.2572  234
 1.2622  205
 1.2672  233
 1.2722  208
 1.2772  242
 1.2822  227
 1.2872  177
 1.2922  169
 1.2972  167
 1.3022  164
 1.3072  157
 1.3122  152
 1.3172  141
 1.3222  133
 1.3272  145
 1.3322  123
 1.3372  130
 1.3422  135
 1.3472  124
 1.3522  126
 1.3572  114
 1.3622  121
 1.3672  151
 1.3722  153
 1.3772  122
 1.3822  138
 1.3872  146
 1.3922  152
 1.3972  149
 1.4022  160
 1.4072  177
 1.4122  196
 1.4172  243
 1.4222  274
 1.4272  324
 1.4322  390
 1.4372  479
 1.4422  579
 1.4472  709
 1.4522  798
 1.4572 1005
 1.4622 1141
 1.4672 1278
 1.4722 1433
 1.4772 1527
 1.4822 1557
 1.4872 1635
 1.4922 1623
 1.4972 1669
 1.5021 1513
 1.5071 1439
 1.5121 1352
 1.5171 1201
 1.5221 1016
 1.5271  880
 1.5321  789
 1.5371  624
 1.5421  555
 1.5471  461
 1.5521  384
 1.5571  318
 1.5621  274
 1.5671  248
 1.5721  197
 1.5771  184
 1.5821  197
 1.5871  176
 1.5921  150
 1.5971  162
 1.6021  134
 1.6071  137
 1.6121  144
 1.6171  135
 1.6221  133
 1.6271  137
 1.6321  162
 1.6371  159
 1.6421  165
 1.6471  222
 1.6521  249
 1.6571  299
 1.6621  390
 1.6671  477
 1.6721  663
 1.6771  868
 1.6821 1109
 1.6871 1446
 1.6921 1854
 1.6971 2295
 1.7021 2772
 1.7071 3279
 1.7121 3874
 1.7171 4336
 1.7221 4852
 1.7271 5242
 1.7321 5632
 1.7371 5820
 1.7421 5949
 1.7471 5842
 1.7521 5605
 1.7571 5419
 1.7621 5022
 1.7671 4522
 1.7721 4055
 1.7771 3516
 1.7821 3004
 1.7871 2515
 1.7921 2041
 1.7971 1731
 1.8021 1416
 1.8071 1129
 1.8121  873
 1.8171  700
 1.8221  608
 1.8271  555
 1.8321  453
  1.837  386
  1.842  352
  1.847  296
  1.852  278
  1.857  257
  1.862  232
  1.867  215
  1.872  184
  1.877  168
  1.882  167
  1.887  152
  1.892  123
  1.897  116
  1.902  108
  1.907   90
  1.912   87
  1.917   99
  1.922   86
  1.927   72
  1.932   80
  1.937   80
  1.942   81
  1.947   83
  1.952   80
  1.957   79
  1.962   72
  1.967   63
  1.972   68
  1.977   80
  1.982   81
  1.987   75
  1.992   78
  1.997   87
  2.002   89
  2.007   82
  2.012   85
  2.017   89
  2.022   90
  2.027   82
  2.032   80
  2.037   85
  2.042   78
  2.047   76
  2.052   74
  2.057   78
  2.062   76
  2.067   73
  2.072   70
  2.077   70
  2.082   70
  2.087   65
  2.092   63
  2.097   68
  2.102   74
  2.107   69
  2.112   65
  2.117   60
  2.122   60
  2.127   75
  2.132   78
  2.137   73
  2.142   62
  2.147   67
  2.152   67
  2.157   61
  2.162   62
 2.1669   65
 2.1719   58
 2.1769   59
 2.1819   70
 2.1869   71
 2.1919   63
 2.1969   66
 2.2019   74
 2.2069   64
 2.2119   63
 2.2169   68
 2.2219   64
 2.2269   63
 2.2319   73
 2.2369   70
 2.2419   72
 2.2469   70
 2.2519   75
 2.2569   81
 2.2619   73
 2.2669   72
 2.2719   73
 2.2769   71
 2.2819   70
 2.2869   68
 2.2919   82
 2.2969   80
 2.3019   81
 2.3069   87
 2.3119   71
 2.3169   76
 2.3219   80
 2.3269   81
 2.3319   87
 2.3369   74
 2.3419   80
 2.3469   77
 2.3519   71
 2.3569   67
 2.3619   76
 2.3669   68
 2.3719   65
 2.3769   60
 2.3819   70
 2.3869   58
 2.3919   51
 2.3969   68
 2.4019   68
 2.4069   57
 2.4119   58
 2.4169   58
 2.4219   60
 2.4269   61
 2.4319   63
 2.4369   69
 2.4419   63
 2.4469   62
 2.4519   72
 2.4569   66
 2.4619   64
 2.4669   62
 2.4719   53
 2.4769   60
 2.4819   71
 2.4869   64
 2.4919   57
 2.4969   42
 2.5018   60
 2.5068   64
 2.5118   50
 2.5168   54
 2.5218   54
 2.5268   62
 2.5318   70
 2.5368   64
 2.5418   69
 2.5468   57
 2.5518   59
 2.5568   62
 2.5618   67
 2.5668   61
 2.5718   74
 2.5768   58
 2.5818   76
 2.5868   66
 2.5918   75
 2.5968   78
 2.6018   63
 2.6068   79
 2.6118   69
 2.6168   82
 2.6218   75
 2.6268   79
 2.6318   83
 2.6368   79
 2.6418   66
 2.6468   70
 2.6518   71
 2.6568   71
 2.6618   67
 2.6668   59
 2.6718   65
 2.6768   66
 2.6818   66
 2.6868   49
 2.6918   46
 2.6968   60
 2.7018   51
 2.7068   48
 2.7118   48
 2.7168   38
 2.7218   44
 2.7268   49
 2.7318   54
 2.7368   64
 2.7418   55
 2.7468   45
 2.7518   65
 2.7568   65
 2.7618   59
 2.7668   58
 2.7718   50
 2.7768   60
 2.7818   48
 2.7868   46
 2.7918   53
 2.7968   46
 2.8018   50
 2.8068   52
 2.8118   61
 2.8168   54
 2.8218   50
 2.8268   63
 2.8318   56
 2.8367   67
 2.8417   49
 2.8467   62
 2.8517   48
 2.8567   47
 2.8617   62
 2.8667   59
 2.8717   66
 2.8767   55
 2.8817   54
 2.8867   61
 2.8917   53
 2.8967   51
 2.9017   64
 2.9067   48
 2.9117   44
 2.9167   56
 2.9217   54
 2.9267   57
 2.9317   61
 2.9367   58
 2.9417   42
 2.9467   57
 2.9517   53
 2.9567   42
 2.9617   60
 2.9667   45
 2.9717   45
 2.9767   45
 2.9817   49
 2.9867   55
 2.9917   60
 2.9967   47
 3.0017   57
 3.0067   38
 3.0117   56
 3.0167   39
 3.0217   45
 3.0267   53
 3.0317   54
 3.0367   41
 3.0417   48
 3.0467   41
 3.0517   36
 3.0567   47
 3.0617   35
 3.0667   50
 3.0717   45
 3.0767   57
 3.0817   65
 3.0867   41
 3.0917   46
 3.0967   57
 3.1017   54
 3.1067   43
 3.1117   46
 3.1167   47
 3.1217   47
 3.1267   44
 3.1317   53
 3.1367   41
 3.1417   45
 3.1467   42
 3.1517   47
 3.1567   39
 3.1617   57
 3.1666   51
 3.1716   46
 3.1766   43
 3.1816   55
 3.1866   49
 3.1916   51
 3.1966   37
 3.2016   42
 3.2066   45
 3.2116   45
 3.2166   51
 3.2216   56
 3.2266   53
 3.2316   55
 3.2366   51
 3.2416   51
 3.2466   55
 3.2516   66
 3.2566   62
 3.2616   70
 3.2666   63
 3.2716   73
 3.2766   73
 3.2816   77
 3.2866   78
 3.2916   84
 3.2966   93
 3.3016   90
 3.3066   90
 3.3116   76
 3.3166   81
 3.3216   89
 3.3266  112
 3.3316   95
 3.3366   96
 3.3416   83
 3.3466   72
 3.3516   76
 3.3566   64
 3.3616   52
 3.3666   54
 3.3716   57
 3.3766   56
 3.3816   62
 3.3866   47
 3.3916   56
 3.3966   48
 3.4016   45
 3.4066   45
 3.4116   41
 3.4166   38
 3.4216   43
 3.4266   33
 3.4316   37
 3.4366   31
 3.4416   36
 3.4466   45
 3.4516   42
 3.4566   32
 3.4616   31
 3.4666   44
 3.4716   41
 3.4766   34
 3.4816   45
 3.4866   44
 3.4916   40
 3.4966   34
 3.5015   39
 3.5065   35
 3.5115   38
 3.5165   46
 3.5215   40
 3.5265   25
 3.5315   47
 3.5365   32
 3.5415   45
 3.5465   34
 3.5515   44
 3.5565   41
 3.5615   51
 3.5665   56
 3.5715   42
 3.5765   50
 3.5815   36
 3.5865   48
 3.5915   38
 3.5965   40
 3.6015   42
 3.6065   40
 3.6115   44
 3.6165   42
 3.6215   32
 3.6265   48
 3.6315   48
 3.6365   49
 3.6415   46
 3.6465   47
 3.6515   47
 3.6565   54
 3.6615   51
 3.6665   50
 3.6715   45
 3.6765   54
 3.6815   55
 3.6865   50
 3.6915   48
 3.6965   48
 3.7015   58
 3.7065   46
 3.7115   44
 3.7165   50
 3.7215   44
 3.7265   46
 3.7315   49
 3.7365   48
 3.7415   48
 3.7465   39
 3.7515   42
 3.7565   33
 3.7615   33
 3.7665   43
 3.7715   37
 3.7765   30
 3.7815   44
 3.7865   51
 3.7915   44
 3.7965   37
 3.8015   30
 3.8065   39
 3.8115   32
 3.8165   24
 3.8215   27
 3.8265   30
 3.8315   30
 3.8364   30
 3.8414   23
 3.8464   37
 3.8514   33
 3.8564   27
 3.8614   43
 3.8664   34
 3.8714   35
 3.8764   34
 3.8814   41
 3.8864   32
 3.8914   26
 3.8964   39
 3.9014   38
 3.9064   29
 3.9114   32
 3.9164   37
 3.9214   30
 3.9264   37
 3.9314   37
 3.9364   41
 3.9414   35
 3.9464   36
 3.9514   32
 3.9564   31
 3.9614   26
 3.9664   32
 3.9714   39
 3.9764   39
 3.9814   31
 3.9864   32
 3.9914   31
 3.9964   27
 4.0014   41
 4.0064   36
 4.0114   39
 4.0164   34
 4.0214   34
 4.0264   41
 4.0314   36
 4.0364   37
 4.0414   28
 4.0464   30
 4.0514   30
 4.0564   29
 4.0614   38
 4.0664   37
 4.0714   34
 4.0764   30
 4.0814   42
 4.0864   28
 4.0914   28
 4.0964   34
 4.1014   28
 4.1064   30
 4.1114   27
 4.1164   37
 4.1214   34
 4.1264   35
 4.1314   27
 4.1364   32
 4.1414   28
 4.1464   30
 4.1514   21
 4.1564   31
 4.1614   28
 4.1663   32
 4.1713   33
 4.1763   24
 4.1813   38
 4.1863   38
 4.1913   31
 4.1963   33
 4.2013   32
 4.2063   30
 4.2113   30
 4.2163   28
 4.2213   32
 4.2263   28
 4.2313   28
 4.2363   27
 4.2413   22
 4.2463   36
 4.2513   30
 4.2563   24
 4.2613   25
 4.2663   26
 4.2713   31
 4.2763   39
 4.2813   34
 4.2863   32
 4.2913   31
 4.2963   31
 4.3013   23
 4.3063   28
 4.3113   29
 4.3163   29
 4.3213   29
 4.3263   25
 4.3313   22
 4.3363   21
 4.3413   19
 4.3463   22
 4.3513   30
 4.3563   26
 4.3613   29
 4.3663   31
 4.3713   26
 4.3763   31
 4.3813   31
 4.3863   26
 4.3913   22
 4.3963   29
 4.4013   30
 4.4063   31
 4.4113   30
 4.4163   32
 4.4213   27
 4.4263   27
 4.4313   26
 4.4363   25
 4.4413   31
 4.4463   33
 4.4513   32
 4.4563   25
 4.4613   35
 4.4663   37
 4.4713   34
 4.4763   33
 4.4813   34
 4.4863   32
 4.4913   36
 4.4963   31
 4.5012   27
 4.5062   30
 4.5112   31
 4.5162   31
 4.5212   33
 4.5262   30
 4.5312   36
 4.5362   31
 4.5412   29
 4.5462   34
 4.5512   26
 4.5562   24
 4.5612   32
 4.5662   25
 4.5712   30
 4.5762   30
 4.5812   30
 4.5862   24
 4.5912   26
 4.5962   25
 4.6012   25
 4.6062   23
 4.6112   28
 4.6162   28
 4.6212   27
 4.6262   24
 4.6312   24
 4.6362   23
 4.6412   25
 4.6462   31
 4.6512   28
 4.6562   20
 4.6612   22
 4.6662   30
 4.6712   29
 4.6762   28
 4.6812   23
 4.6862   24
 4.6912   27
 4.6962   19
 4.7012   24
 4.7062   26
 4.7112   24
 4.7162   29
 4.7212   26
 4.7262   20
 4.7312   17
 4.7362   19
 4.7412   21
 4.7462   25
 4.7512   26
 4.7562   19
 4.7612   21
 4.7662   22
 4.7712   21
 4.7762   24
 4.7812   23
 4.7862   26
 4.7912   26
 4.7962   19
 4.8012   23
 4.8062   26
 4.8112   29
 4.8162   31
 4.8212   25
 4.8262   20
 4.8312   20
 4.8361   26
 4.8411   28
 4.8461   21
 4.8511   19
 4.8561   19
 4.8611   19
 4.8661   21
 4.8711   24
 4.8761   23
 4.8811   24
 4.8861   23
 4.8911   27
 4.8961   28
 4.9011   22
 4.9061   21
 4.9111   25
 4.9161   26
 4.9211   22
 4.9261   21
 4.9311   19
 4.9361   16
 4.9411   15
 4.9461   20
 4.9511   25
 4.9561   25
 4.9611   19
 4.9661   18
 4.9711   21
 4.9761   20
 4.9811   23
 4.9861   21
 4.9911   17
 4.9961   22
 5.0011   27
 5.0061   27
 5.0111   26
 5.0161   20
 5.0211   17
 5.0261   15
 5.0311   20
 5.0361   27
 5.0411   21
 5.0461   19
 5.0511   20
 5.0561   21
 5.0611   24
 5.0661   20
 5.0711   19
 5.0761   24
 5.0811   22
 5.0861   22
 5.0911   25
 5.0961   24
 5.1011   22
 5.1061   22
 5.1111   16
 5.1161   15
 5.1211   19
 5.1261   17
 5.1311   21
 5.1361   29
 5.1411   25
 5.1461   20
 5.1511   19
 5.1561   15
 5.1611   17
  5.166   17
  5.171   16
  5.176   19
  5.181   20
  5.186   16
  5.191   19
  5.196   19
  5.201   22
  5.206   19
  5.211   14
  5.216   19
  5.221   19
  5.226   19
  5.231   24
  5.236   18
  5.241   19
  5.246   18
  5.251   19
  5.256   22
  5.261   22
  5.266   22
  5.271   16
  5.276   15
  5.281   16
  5.286   16
  5.291   20
  5.296   21
  5.301   21
  5.306   20
  5.311   23
  5.316   20
  5.321   20
  5.326   23
  5.331   25
  5.336   20
  5.341   19
  5.346   18
  5.351   15
  5.356   20
  5.361   18
  5.366   17
  5.371   21
  5.376   24
  5.381   18
  5.386   24
  5.391   17
  5.396   21
  5.401   26
  5.406   15
  5.411   20
  5.416   12
  5.421   19
  5.426   18
  5.431   16
  5.436   17
  5.441   20
  5.446   22
  5.451   26
  5.456   20
  5.461   18
  5.466   14
  5.471   11
  5.476   20
  5.481   18
  5.486   18
  5.491    8
  5.496   10
 5.5009   15
 5.5059   15
 5.5109   17
 5.5159   14
 5.5209   11
 5.5259   12
 5.5309   13
 5.5359   12
 5.5409   17
 5.5459   10
 5.5509   13
 5.5559   17
 5.5609   18
 5.5659    6
 5.5709   13
 5.5759   14
 5.5809   15
 5.5859   18
 5.5909   10
 5.5959   14
 5.6009   17
 5.6059   16
 5.6109   20
 5.6159   21
 5.6209   20
 5.6259   17
 5.6309   17
 5.6359   15
 5.6409   12
 5.6459   21
 5.6509   22
 5.6559   13
 5.6609   15
 5.6659   17
 5.6709   16
 5.6759   14
 5.6809   14
 5.6859   19
 5.6909   21
 5.6959   17
 5.7009   23
 5.7059   11
 5.7109   18
 5.7159   16
 5.7209   22
 5.7259   13
 5.7309   10
 5.7359   14
 5.7409   15
 5.7459   12
 5.7509   13
 5.7559   12
 5.7609   18
 5.7659   12
 5.7709   21
 5.7759   24
 5.7809   17
 5.7859   11
 5.7909   20
 5.7959   16
 5.8009   19
 5.8059   18
 5.8109   11
 5.8159   13
 5.8209   14
 5.8259   14
 5.8309   12
 5.8358   14
 5.8408    6
 5.8458   13
 5.8508    4
 5.8558    8
 5.8608   19
 5.8658   11
 5.8708   11
 5.8758   14
 5.8808   15
 5.8858   17
 5.8908   18
 5.8958   13
 5.9008   19
 5.9058   14
 5.9108    9
 5.9158   19
 5.9208   16
 5.9258    8
 5.9308    5
 5.9358   13
 5.9408   14
 5.9458   14
 5.9508   12
 5.9558   18
 5.9608   14
 5.9658   17
 5.9708   20
 5.9758    9
 5.9808   14
 5.9858   16
 5.9908   13
 5.9958   16
 6.0008   12
 6.0058   10
 6.0108   10
 6.0158   10
 6.0208   15
 6.0258   17
 6.0308    9
 6.0358   17
 6.0408   12
 6.0458   13
 6.0508   14
 6.0558   11
 6.0608   10
 6.0658   10
 6.0708   14
 6.0758   10
 6.0808   11
 6.0858   11
 6.0908   20
 6.0958   11
 6.1008   10
 6.1058   12
 6.1108   13
 6.1158   10
 6.1208    8
 6.1258   14
 6.1308   16
 6.1358   14
 6.1408    8
 6.1458   18
 6.1508    9
 6.1558   12
 6.1608   11
 6.1657    8
 6.1707   11
 6.1757   10
 6.1807   15
 6.1857   12
 6.1907   15
 6.1957   14
 6.2007   18
 6.2057   15
 6.2107    7
 6.2157   10
 6.2207    8
 6.2257    7
 6.2307   14
 6.2357    8
 6.2407   12
 6.2457   16
 6.2507   13
 6.2557   14
 6.2607   13
 6.2657   10
 6.2707   12
 6.2757   19
 6.2807   16
 6.2857   15
 6.2907   10
 6.2957   17
 6.3007   14
 6.3057   15
 6.3107   10
 6.3157   14
 6.3207   16
 6.3257   21
 6.3307   14
 6.3357   18
 6.3407   17
 6.3457   24
 6.3507   21
 6.3557   21
 6.3607   20
 6.3657   21
 6.3707   21
 6.3757   20
 6.3807   20
 6.3857   25
 6.3907   27
 6.3957   22
 6.4007   27
 6.4057   25
 6.4107   26
 6.4157   16
 6.4207   16
 6.4257   24
 6.4307   11
 6.4357   20
 6.4407   20
 6.4457   16
 6.4507   22
 6.4557   18
 6.4607   21
 6.4657   27
 6.4707   17
 6.4757   24
 6.4807   16
 6.4857   14
 6.4907   18
 6.4957   13
 6.5006   17
 6.5056   10
 6.5106   15
 6.5156    7
 6.5206   12
 6.5256    7
 6.5306    7
 6.5356   15
 6.5406   11
 6.5456   16
 6.5506   11
 6.5556    8
 6.5606    3
 6.5656    8
 6.5706    8
 6.5756   15
 6.5806   15
 6.5856   12
 6.5906    6
 6.5956   12
 6.6006   13
 6.6056    9
 6.6106   10
 6.6156    4
 6.6206   12
 6.6256    9
 6.6306   10
 6.6356   12
 6.6406   13
 6.6456   10
 6.6506    9
 6.6556   14
 6.6606    9
 6.6656    7
 6.6706    7
 6.6756    7
 6.6806   18
 6.6856   14
 6.6906    8
 6.6956   13
 6.7006   11
 6.7056   10
 6.7106    3
 6.7156   11
 6.7206    7
 6.7256    9
 6.7306    5
 6.7356   13
 6.7406   12
 6.7456   11
 6.7506   17
 6.7556   12
 6.7606   13
 6.7656   10
 6.7706   10
 6.7756   15
 6.7806    7
 6.7856    8
 6.7906   10
 6.7956    8
 6.8006    9
 6.8056    7
 6.8106    7
 6.8156    5
 6.8206   12
 6.8256    7
 6.8306    6
 6.8355    9
 6.8405    8
 6.8455   13
 6.8505    6
 6.8555    8
 6.8605   11
 6.8655    9
 6.8705   12
 6.8755    9
 6.8805    9
 6.8855   12
 6.8905   11
 6.8955   11
 6.9005    9
 6.9055    4
 6.9105    7
 6.9155    8
 6.9205    3
 6.9255   10
 6.9305   13
 6.9355    9
 6.9405    9
 6.9455    5
 6.9505    6
 6.9555    4
 6.9605    6
 6.9655    6
 6.9705   11
 6.9755    9
 6.9805    8
 6.9855    5
 6.9905   10
 6.9955    7
 7.0005    2
 7.0055    7
 7.0105    8
 7.0155    6
 7.0205   12
 7.0255    9
 7.0305    8
 7.0355   15
 7.0405    8
 7.0455    7
 7.0505    6
 7.0555    9
 7.0605    9
 7.0655   12
 7.0705    7
 7.0755    7
 7.0805   12
 7.0855   14
 7.0905    9
 7.0955   10
 7.1005    4
 7.1055    6
 7.1105    8
 7.1155    9
 7.1205    7
 7.1255    6
 7.1305    7
 7.1355    9
 7.1405    5
 7.1455    8
 7.1505   12
 7.1555    9
 7.1605    8
 7.1654    7
 7.1704    9
 7.1754   11
 7.1804    6
 7.1854    7
 7.1904    5
 7.1954    9
 7.2004    7
 7.2054    8
 7.2104    6
 7.2154    5
 7.2204    7
 7.2254    6
 7.2304    4
 7.2354    6
 7.2404    5
 7.2454   10
 7.2504    7
 7.2554    4
 7.2604    5
 7.2654    5
 7.2704    8
 7.2754    0
 7.2804   10
 7.2854    8
 7.2904   10
 7.2954    3
 7.3004    3
 7.3054    4
 7.3104    6
 7.3154    8
 7.3204    5
 7.3254    9
 7.3304    3
 7.3354    6
 7.3404    3
 7.3454    7
 7.3504    4
 7.3554    9
 7.3604   11
 7.3654    7
 7.3704    7
 7.3754    9
 7.3804    7
 7.3854    3
 7.3904    5
 7.3954    6
 7.4004    4
 7.4054    6
 7.4104    5
 7.4154    7
 7.4204    3
 7.4254    3
 7.4304    6
 7.4354    9
 7.4404   10
 7.4454   10
 7.4504    1
 7.4554    8
 7.4604    7
 7.4654    3
 7.4704    4
 7.4754    6
 7.4804    3
 7.4854    7
 7.4904    9
 7.4954    6
 7.5003    7
 7.5053    5
 7.5103    4
 7.5153    4
 7.5203    5
 7.5253    3
 7.5303    7
 7.5353    4
 7.5403    7
 7.5453    7
 7.5503    4
 7.5553    6
 7.5603    8
 7.5653    7
 7.5703    2
 7.5753    5
 7.5803    3
 7.5853    4
 7.5903    6
 7.5953    7
 7.6003    8
 7.6053    6
 7.6103    5
 7.6153    6
 7.6203    8
 7.6253    4
 7.6303    2
 7.6353    4
 7.6403    3
 7.6453    2
 7.6503    2
 7.6553    4
 7.6603    5
 7.6653    6
 7.6703    7
 7.6753    7
 7.6803    5
 7.6853    5
 7.6903    5
 7.6953    2
 7.7003    4
 7.7053    3
 7.7103    4
 7.7153    5
 7.7203   10
 7.7253    5
 7.7303    4
 7.7353    5
 7.7403    5
 7.7453    5
 7.7503    3
 7.7553    6
 7.7603    6
 7.7653    2
 7.7703    4
 7.7753    5
 7.7803    6
 7.7853    4
 7.7903    6
 7.7953    5
 7.8003    5
 7.8053    5
 7.8103   10
 7.8153    4
 7.8203    4
 7.8253    4
 7.8303    7
 7.8352    6
 7.8402    2
 7.8452    1
 7.8502    6
 7.8552    8
 7.8602    1
 7.8652    7
 7.8702    2
 7.8752    3
 7.8802    2
 7.8852    5
 7.8902    1
 7.8952    2
 7.9002   10
 7.9052    4
 7.9102    6
 7.9152    4
 7.9202    2
 7.9252    7
 7.9302    1
 7.9352    1
 7.9402    4
 7.9452    3
 7.9502    3
 7.9552    3
 7.9602    8
 7.9652    4
 7.9702    1
 7.9752    0
 7.9802    5
 7.9852    4
 7.9902    3
 7.9952    6
 8.0002    8
 8.0052    5
 8.0102    4
 8.0152    3
 8.0202    2
 8.0252    4
 8.0302    5
 8.0352    5
 8.0402    1
 8.0452    5
 8.0502    4
 8.0552    7
 8.0602    1
 8.0652    4
 8.0702    1
 8.0752    6
 8.0802    4
 8.0852    4
 8.0902    3
 8.0952    7
 8.1002    6
 8.1052    6
 8.1102    4
 8.1152    5
 8.1202    6
 8.1252    5
 8.1302    2
 8.1352    1
 8.1402    5
 8.1452    5
 8.1502    2
 8.1552    3
 8.1602    6
 8.1651    2
 8.1701    6
 8.1751    2
 8.1801    2
 8.1851    3
 8.1901    2
 8.1951    3
 8.2001    2
 8.2051    0
 8.2101    1
 8.2151    4
 8.2201    3
 8.2251    2
 8.2301    2
 8.2351    3
 8.2401    3
 8.2451    5
 8.2501    3
 8.2551    4
 8.2601    7
 8.2651    3
 8.2701    2
 8.2751    4
 8.2801    3
 8.2851    3
 8.2901    8
 8.2951    1
 8.3001    2
 8.3051    2
 8.3101    6
 8.3151    1
 8.3201    3
 8.3251    2
 8.3301    1
 8.3351    6
 8.3401    1
 8.3451    0
 8.3501    3
 8.3551    2
 8.3601    4
 8.3651    6
 8.3701    5
 8.3751    5
 8.3801    9
 8.3851    2
 8.3901    0
 8.3951    3
 8.4001    6
 8.4051    1
 8.4101    3
 8.4151    0
 8.4201    4
 8.4251    3
 8.4301    1
 8.4351    3
 8.4401    2
 8.4451    4
 8.4501    1
 8.4551    7
 8.4601    2
 8.4651    2
 8.4701    2
 8.4751    2
 8.4801    4
 8.4851    1
 8.4901    1
 8.4951    3
    8.5    3
  8.505    5
   8.51    0
  8.515    2
   8.52    5
  8.525    5
   8.53    0
  8.535    0
   8.54    1
  8.545    3
   8.55    6
  8.555    1
   8.56    3
  8.565    2
   8.57    4
  8.575    4
   8.58    1
  8.585    0
   8.59    1
  8.595    2
    8.6    3
  8.605    4
   8.61    0
  8.615    0
   8.62    3
  8.625    0
   8.63    1
  8.635    3
   8.64    1
  8.645    2
   8.65    1
  8.655    2
   8.66    0
  8.665    1
   8.67    2
  8.675    0
   8.68    2
  8.685    3
   8.69    0
  8.695    2
    8.7    3
  8.705    3
   8.71    2
  8.715    0
   8.72    2
  8.725    3
   8.73    2
  8.735    2
   8.74    2
  8.745    0
   8.75    2
  8.755    3
   8.76    4
  8.765    2
   8.77    2
  8.775    0
   8.78    2
  8.785    0
   8.79    0
  8.795    2
    8.8    3
  8.805    2
   8.81    0
  8.815    0
   8.82    2
  8.825    4
   8.83    1
 8.8349    3
 8.8399    3
 8.8449    1
 8.8499    1
 8.8549    1
 8.8599    2
 8.8649    1
 8.8699    2
 8.8749    1
 8.8799    1
 8.8849    1
 8.8899    3
 8.8949    1
 8.8999    0
 8.9049    0
 8.9099    1
 8.9149    2
 8.9199    1
 8.9249    2
 8.9299    3
 8.9349    0
 8.9399    1
 8.9449    3
 8.9499    0
 8.9549    0
 8.9599    3
 8.9649    1
 8.9699    0
 8.9749    2
 8.9799    4
 8.9849    1
 8.9899    0
 8.9949    1
 8.9999    2
 9.0049    2
 9.0099    2
 9.0149    0
 9.0199    0
 9.0249    2
 9.0299    2
 9.0349    1
 9.0399    1
 9.0449    1
 9.0499    1
 9.0549    1
 9.0599    0
 9.0649    2
 9.0699    1
 9.0749    0
 9.0799    0
 9.0849    1
 9.0899    1
 9.0949    1
 9.0999    1
 9.1049    1
 9.1099    2
 9.1149    1
 9.1199    0
 9.1249    0
 9.1299    0
 9.1349    1
 9.1399    0
 9.1449    0
 9.1499    0
 9.1549    0
 9.1599    2
 9.1648    1
 9.1698    1
 9.1748    0
 9.1798    0
 9.1848    0
 9.1898    0
 9.1948    0
 9.1998    0
 9.2048    0
 9.2098    0
 9.2148    1
 9.2198    0
 9.2248    0
 9.2298    0
 9.2348    0
 9.2398    0
 9.2448    0
 9.2498    0
 9.2548    1
 9.2598    2
 9.2648    0
 9.2698    0
 9.2748    0
 9.2798    0
 9.2848    0
 9.2898    0
 9.2948    0
 9.2998    0
 9.3048    0
 9.3098    1
 9.3148    1
 9.3198    0
 9.3248    1
 9.3298    0
 9.3348    0
 9.3398    0
 9.3448    0
 9.3498    0
 9.3548    0
 9.3598    0
 9.3648    0
 9.3698    0
 9.3748    1
 9.3798    0
 9.3848    1
 9.3898    0
 9.3948    0
 9.3998    1
 9.4048    0
 9.4098    0
 9.4148    1
 9.4198    0
 9.4248    0
 9.4298    0
 9.4348    0
 9.4398    0
 9.4448    1
 9.4498    0
 9.4548    0
 9.4598    0
 9.4648    0
 9.4698    0
 9.4748    0
 9.4798    0
 9.4848    0
 9.4898    0
 9.4948    0
 9.4997    0
 9.5047    0
 9.5097    0
 9.5147    0
 9.5197    0
 9.5247    0
 9.5297    0
 9.5347    0
 9.5397    0
 9.5447    0
 9.5497    0
 9.5547    0
 9.5597    0
 9.5647    0
 9.5697    0
 9.5747    0
 9.5797    0
 9.5847    0
 9.5897    0
 9.5947    0
 9.5997    0
 9.6047    0
 9.6097    1
 9.6147    1
 9.6197    0
 9.6247    0
 9.6297    0
 9.6347    0
 9.6397    0
 9.6447    0
 9.6497    0
 9.6547    0
 9.6597    0
 9.6647    0
 9.6697    0
 9.6747    0
 9.6797    0
 9.6847    0
 9.6897    0
 9.6947    0
 9.6997    0
 9.7047    1
 9.7097    0
 9.7147    0
 9.7197    0
 9.7247    0
 9.7297    0
 9.7347    0
 9.7397    0
 9.7447    0
 9.7497    0
 9.7547    0
 9.7597    0
 9.7647    0
 9.7697    0
 9.7747    0
 9.7797    0
 9.7847    0
 9.7897    0
 9.7947    0
 9.7997    0
 9.8047    0
 9.8097    0
 9.8147    0
 9.8197    0
 9.8247    0
 9.8297    0
 9.8346    0
 9.8396    0
 9.8446    0
 9.8496    0
 9.8546    0
 9.8596    0
 9.8646    0
