Bruker Nano GmbH Berlin, Germany
Esprit 2.x

Date: 8/21/2023 2:54:14 PM
Real time: 57820
Life time: 57379
Pulse density: 7413

Primary energy: 10
Beam current: -1
Take off angle: 35
Tilt angle: 0
Azimut angle: 45

Detector type: Custom type
Window type: slew AP3.3
Detector thickness: 0.45
Si dead layer:0

Calibration, lin.: 4.998
Calibration, abs.: -477.257
Mn FWHM: 124.4
Fano factor: 0.109
Channels: 2014

Energy Counts
-0.4773     0
-0.4723     0
-0.4673     0
-0.4623     0
-0.4573     0
-0.4523     0
-0.4473     0
-0.4423     0
-0.4373     0
-0.4323     0
-0.4273     0
-0.4223     0
-0.4173     0
-0.4123     0
-0.4073     0
-0.4023     0
-0.3973     0
-0.3923     0
-0.3873     0
-0.3823     0
-0.3773     0
-0.3723     0
-0.3673     0
-0.3623     0
-0.3573     0
-0.3523     0
-0.3473     0
-0.3423     0
-0.3373     0
-0.3323     0
-0.3273     0
-0.3223     0
-0.3173     0
-0.3123     0
-0.3073     0
-0.3023     0
-0.2973     0
-0.2923     0
-0.2873     0
-0.2823     0
-0.2773     0
-0.2723     0
-0.2673     0
-0.2623     0
-0.2573     0
-0.2523     0
-0.2473     0
-0.2423     0
-0.2373     0
-0.2323     0
-0.2273     0
-0.2223     0
-0.2173     0
-0.2123     0
-0.2073     0
-0.2023     0
-0.1973     0
-0.1923     0
-0.1873     0
-0.1823     0
-0.1773     0
-0.1723     0
-0.1673     0
-0.1624     0
-0.1574     0
-0.1524     0
-0.1474     0
-0.1424     0
-0.1374     0
-0.1324     0
-0.1274     0
-0.1224     0
-0.1174     0
-0.1124     0
-0.1074     0
-0.1024     0
-0.0974     0
-0.0924     0
-0.0874     0
-0.0824     0
-0.0774     0
-0.0724     0
-0.0674     1
-0.0624    15
-0.0574    31
-0.0524    75
-0.0474   160
-0.0424   349
-0.0374   648
-0.0324  1184
-0.0274  1951
-0.0224  2867
-0.0174  3963
-0.0124  5030
-0.0074  5838
-0.0024  6501
 0.0026  6354
 0.0076  5914
 0.0126  5119
 0.0176  4015
 0.0226  2812
 0.0276  1875
 0.0326  1175
 0.0376   637
 0.0426   367
 0.0476   166
 0.0526    85
 0.0576    28
 0.0626    11
 0.0676     5
 0.0726     1
 0.0776     1
 0.0826     4
 0.0876     2
 0.0926     1
 0.0976     0
 0.1026     0
 0.1076     0
 0.1126     1
 0.1176     0
 0.1226     0
 0.1276     0
 0.1326   118
 0.1376    96
 0.1426    96
 0.1476   106
 0.1526   113
 0.1576   125
 0.1626   134
 0.1675   141
 0.1725   179
 0.1775   214
 0.1825   224
 0.1875   230
 0.1925   287
 0.1975   368
 0.2025   467
 0.2075   645
 0.2125   919
 0.2175  1415
 0.2225  2170
 0.2275  3184
 0.2325  4666
 0.2375  6797
 0.2425  9605
 0.2475 13026
 0.2525 16979
 0.2575 21116
 0.2625 24951
 0.2675 28233
 0.2725 30317
 0.2775 30835
 0.2825 29837
 0.2875 27296
 0.2925 23738
 0.2975 19528
 0.3025 15200
 0.3075 11284
 0.3125  7894
 0.3175  5250
 0.3225  3354
 0.3275  2032
 0.3325  1186
 0.3375   629
 0.3425   319
 0.3475   174
 0.3525   109
 0.3575    93
 0.3625    86
 0.3675    73
 0.3725    76
 0.3775    72
 0.3825    81
 0.3875    77
 0.3925    72
 0.3975    75
 0.4025    75
 0.4075    72
 0.4125    72
 0.4175    77
 0.4225    85
 0.4275    82
 0.4325    83
 0.4375    91
 0.4425   107
 0.4475   101
 0.4525   141
 0.4575   135
 0.4625   140
 0.4675   179
 0.4725   226
 0.4775   287
 0.4825   386
 0.4875   479
 0.4925   591
 0.4975   800
 0.5024   924
 0.5074  1014
 0.5124  1234
 0.5174  1333
 0.5224  1401
 0.5274  1395
 0.5324  1305
 0.5374  1203
 0.5424  1098
 0.5474   944
 0.5524   777
 0.5574   621
 0.5624   478
 0.5674   365
 0.5724   281
 0.5774   221
 0.5824   179
 0.5874   143
 0.5924   128
 0.5974   122
 0.6024   114
 0.6074   109
 0.6124   111
 0.6174   123
 0.6224   120
 0.6274   118
 0.6324   120
 0.6374   116
 0.6424   121
 0.6474   120
 0.6524   122
 0.6574   129
 0.6624   123
 0.6674   122
 0.6724   124
 0.6774   125
 0.6824   127
 0.6874   127
 0.6924   124
 0.6974   127
 0.7024   127
 0.7074   139
 0.7124   151
 0.7174   149
 0.7224   140
 0.7274   135
 0.7324   143
 0.7374   135
 0.7424   140
 0.7474   108
 0.7524   129
 0.7574   145
 0.7624   109
 0.7674   121
 0.7724   108
 0.7774   139
 0.7824   138
 0.7874   125
 0.7924   136
 0.7974   105
 0.8024   104
 0.8074   119
 0.8124   131
 0.8174   114
 0.8224   122
 0.8274   102
 0.8324   130
 0.8373   130
 0.8423   134
 0.8473   118
 0.8523   137
 0.8573   114
 0.8623   125
 0.8673    96
 0.8723   114
 0.8773   143
 0.8823   124
 0.8873   125
 0.8923   125
 0.8973   132
 0.9023   125
 0.9073   114
 0.9123   130
 0.9173   132
 0.9223   134
 0.9273   128
 0.9323   129
 0.9373   118
 0.9423   126
 0.9473   129
 0.9523   115
 0.9573   131
 0.9623   116
 0.9673   130
 0.9723   122
 0.9773   112
 0.9823   112
 0.9873   127
 0.9923   119
 0.9973   125
 1.0023   146
 1.0073   130
 1.0123   138
 1.0173   120
 1.0223   155
 1.0273   136
 1.0323   163
 1.0373   164
 1.0423   152
 1.0473   141
 1.0523   143
 1.0573   137
 1.0623   167
 1.0673   152
 1.0723   148
 1.0773   131
 1.0823   119
 1.0873   146
 1.0923   158
 1.0973   117
 1.1023   125
 1.1073   134
 1.1123   107
 1.1173   108
 1.1223   109
 1.1273   118
 1.1323   105
 1.1373   133
 1.1423   123
 1.1473   120
 1.1523   102
 1.1573   119
 1.1623   114
 1.1672   114
 1.1722   113
 1.1772   104
 1.1822   109
 1.1872   138
 1.1922   118
 1.1972   112
 1.2022   133
 1.2072   140
 1.2122   162
 1.2172   166
 1.2222   151
 1.2272   193
 1.2322   167
 1.2372   185
 1.2422   227
 1.2472   227
 1.2522   228
 1.2572   212
 1.2622   226
 1.2672   207
 1.2722   203
 1.2772   206
 1.2822   182
 1.2872   170
 1.2922   168
 1.2972   164
 1.3022   152
 1.3072   138
 1.3122   138
 1.3172   131
 1.3222   109
 1.3272   100
 1.3322   104
 1.3372    97
 1.3422   107
 1.3472   112
 1.3522    99
 1.3572   102
 1.3622    97
 1.3672   101
 1.3722   101
 1.3772    94
 1.3822    91
 1.3872   106
 1.3922   117
 1.3972   104
 1.4022   113
 1.4072    85
 1.4122    95
 1.4172   108
 1.4222   109
 1.4272   116
 1.4322   129
 1.4372   155
 1.4422   174
 1.4472   188
 1.4522   192
 1.4572   248
 1.4622   247
 1.4672   257
 1.4722   278
 1.4772   312
 1.4822   323
 1.4872   297
 1.4922   300
 1.4972   346
 1.5021   333
 1.5071   311
 1.5121   266
 1.5171   269
 1.5221   235
 1.5271   192
 1.5321   188
 1.5371   160
 1.5421   172
 1.5471   141
 1.5521   128
 1.5571   121
 1.5621   115
 1.5671   112
 1.5721   101
 1.5771    98
 1.5821    89
 1.5871    91
 1.5921    83
 1.5971    86
 1.6021    87
 1.6071    98
 1.6121    86
 1.6171    80
 1.6221    84
 1.6271    77
 1.6321    72
 1.6371    88
 1.6421    74
 1.6471    87
 1.6521    92
 1.6571   101
 1.6621   111
 1.6671   111
 1.6721   110
 1.6771   119
 1.6821   150
 1.6871   190
 1.6921   238
 1.6971   274
 1.7021   311
 1.7071   334
 1.7121   397
 1.7171   434
 1.7221   450
 1.7271   505
 1.7321   542
 1.7371   576
 1.7421   593
 1.7471   558
 1.7521   552
 1.7571   528
 1.7621   484
 1.7671   445
 1.7721   383
 1.7771   322
 1.7821   326
 1.7871   292
 1.7921   239
 1.7971   202
 1.8021   181
 1.8071   167
 1.8121   153
 1.8171   126
 1.8221   108
 1.8271    97
 1.8321    95
  1.837    96
  1.842    92
  1.847    86
  1.852    77
  1.857    80
  1.862    84
  1.867    93
  1.872    83
  1.877    78
  1.882    78
  1.887    68
  1.892    73
  1.897    62
  1.902    60
  1.907    55
  1.912    55
  1.917    61
  1.922    60
  1.927    64
  1.932    68
  1.937    65
  1.942    60
  1.947    60
  1.952    58
  1.957    58
  1.962    60
  1.967    62
  1.972    62
  1.977    54
  1.982    59
  1.987    59
  1.992    58
  1.997    58
  2.002    62
  2.007    66
  2.012    62
  2.017    62
  2.022    59
  2.027    61
  2.032    64
  2.037    70
  2.042    71
  2.047    57
  2.052    52
  2.057    52
  2.062    53
  2.067    52
  2.072    51
  2.077    60
  2.082    59
  2.087    48
  2.092    51
  2.097    57
  2.102    55
  2.107    52
  2.112    56
  2.117    56
  2.122    53
  2.127    57
  2.132    51
  2.137    45
  2.142    43
  2.147    46
  2.152    50
  2.157    53
  2.162    45
 2.1669    51
 2.1719    55
 2.1769    46
 2.1819    52
 2.1869    55
 2.1919    47
 2.1969    44
 2.2019    50
 2.2069    59
 2.2119    53
 2.2169    48
 2.2219    49
 2.2269    51
 2.2319    55
 2.2369    48
 2.2419    56
 2.2469    52
 2.2519    53
 2.2569    46
 2.2619    51
 2.2669    56
 2.2719    58
 2.2769    58
 2.2819    57
 2.2869    63
 2.2919    56
 2.2969    57
 2.3019    53
 2.3069    55
 2.3119    64
 2.3169    63
 2.3219    51
 2.3269    53
 2.3319    58
 2.3369    68
 2.3419    62
 2.3469    48
 2.3519    54
 2.3569    46
 2.3619    46
 2.3669    49
 2.3719    47
 2.3769    50
 2.3819    47
 2.3869    49
 2.3919    41
 2.3969    37
 2.4019    53
 2.4069    45
 2.4119    40
 2.4169    46
 2.4219    48
 2.4269    45
 2.4319    49
 2.4369    44
 2.4419    51
 2.4469    44
 2.4519    40
 2.4569    43
 2.4619    40
 2.4669    48
 2.4719    44
 2.4769    46
 2.4819    42
 2.4869    45
 2.4919    36
 2.4969    47
 2.5018    42
 2.5068    38
 2.5118    44
 2.5168    41
 2.5218    41
 2.5268    45
 2.5318    46
 2.5368    46
 2.5418    46
 2.5468    47
 2.5518    39
 2.5568    44
 2.5618    47
 2.5668    48
 2.5718    45
 2.5768    44
 2.5818    41
 2.5868    53
 2.5918    50
 2.5968    42
 2.6018    53
 2.6068    50
 2.6118    44
 2.6168    44
 2.6218    46
 2.6268    47
 2.6318    47
 2.6368    44
 2.6418    43
 2.6468    45
 2.6518    51
 2.6568    38
 2.6618    33
 2.6668    35
 2.6718    33
 2.6768    43
 2.6818    43
 2.6868    42
 2.6918    38
 2.6968    45
 2.7018    37
 2.7068    33
 2.7118    31
 2.7168    43
 2.7218    43
 2.7268    39
 2.7318    29
 2.7368    32
 2.7418    41
 2.7468    41
 2.7518    47
 2.7568    41
 2.7618    45
 2.7668    44
 2.7718    38
 2.7768    36
 2.7818    40
 2.7868    42
 2.7918    37
 2.7968    40
 2.8018    34
 2.8068    32
 2.8118    29
 2.8168    39
 2.8218    30
 2.8268    39
 2.8318    36
 2.8367    31
 2.8417    34
 2.8467    40
 2.8517    34
 2.8567    39
 2.8617    39
 2.8667    36
 2.8717    33
 2.8767    40
 2.8817    38
 2.8867    33
 2.8917    28
 2.8967    29
 2.9017    30
 2.9067    29
 2.9117    42
 2.9167    27
 2.9217    39
 2.9267    49
 2.9317    34
 2.9367    34
 2.9417    35
 2.9467    28
 2.9517    33
 2.9567    30
 2.9617    34
 2.9667    32
 2.9717    37
 2.9767    45
 2.9817    29
 2.9867    31
 2.9917    35
 2.9967    26
 3.0017    35
 3.0067    33
 3.0117    22
 3.0167    28
 3.0217    42
 3.0267    41
 3.0317    34
 3.0367    32
 3.0417    37
 3.0467    37
 3.0517    27
 3.0567    33
 3.0617    30
 3.0667    29
 3.0717    41
 3.0767    42
 3.0817    36
 3.0867    28
 3.0917    31
 3.0967    28
 3.1017    31
 3.1067    35
 3.1117    27
 3.1167    31
 3.1217    37
 3.1267    30
 3.1317    28
 3.1367    26
 3.1417    24
 3.1467    25
 3.1517    36
 3.1567    37
 3.1617    36
 3.1666    29
 3.1716    24
 3.1766    31
 3.1816    23
 3.1866    23
 3.1916    26
 3.1966    25
 3.2016    27
 3.2066    28
 3.2116    25
 3.2166    32
 3.2216    36
 3.2266    30
 3.2316    30
 3.2366    28
 3.2416    34
 3.2466    36
 3.2516    32
 3.2566    34
 3.2616    45
 3.2666    37
 3.2716    36
 3.2766    35
 3.2816    49
 3.2866    55
 3.2916    52
 3.2966    49
 3.3016    38
 3.3066    44
 3.3116    49
 3.3166    52
 3.3216    43
 3.3266    42
 3.3316    44
 3.3366    45
 3.3416    43
 3.3466    37
 3.3516    35
 3.3566    32
 3.3616    35
 3.3666    27
 3.3716    30
 3.3766    33
 3.3816    37
 3.3866    25
 3.3916    28
 3.3966    28
 3.4016    25
 3.4066    26
 3.4116    23
 3.4166    25
 3.4216    33
 3.4266    26
 3.4316    24
 3.4366    35
 3.4416    21
 3.4466    29
 3.4516    21
 3.4566    35
 3.4616    29
 3.4666    25
 3.4716    26
 3.4766    35
 3.4816    26
 3.4866    18
 3.4916    26
 3.4966    18
 3.5015    15
 3.5065    26
 3.5115    20
 3.5165    23
 3.5215    20
 3.5265    25
 3.5315    30
 3.5365    30
 3.5415    21
 3.5465    24
 3.5515    24
 3.5565    30
 3.5615    18
 3.5665    25
 3.5715    26
 3.5765    24
 3.5815    27
 3.5865    21
 3.5915    32
 3.5965    29
 3.6015    20
 3.6065    26
 3.6115    20
 3.6165    28
 3.6215    21
 3.6265    29
 3.6315    28
 3.6365    31
 3.6415    32
 3.6465    24
 3.6515    22
 3.6565    22
 3.6615    33
 3.6665    33
 3.6715    29
 3.6765    31
 3.6815    39
 3.6865    35
 3.6915    35
 3.6965    30
 3.7015    40
 3.7065    29
 3.7115    35
 3.7165    34
 3.7215    24
 3.7265    32
 3.7315    29
 3.7365    24
 3.7415    28
 3.7465    23
 3.7515    30
 3.7565    23
 3.7615    22
 3.7665    22
 3.7715    18
 3.7765    20
 3.7815    23
 3.7865    16
 3.7915    31
 3.7965    18
 3.8015    16
 3.8065    28
 3.8115    22
 3.8165    18
 3.8215    13
 3.8265    21
 3.8315    22
 3.8364    28
 3.8414    24
 3.8464    19
 3.8514    12
 3.8564    20
 3.8614    13
 3.8664    26
 3.8714    25
 3.8764    21
 3.8814    21
 3.8864    12
 3.8914    22
 3.8964    14
 3.9014    25
 3.9064    24
 3.9114    18
 3.9164    17
 3.9214    14
 3.9264    13
 3.9314    19
 3.9364    19
 3.9414    18
 3.9464    20
 3.9514    19
 3.9564    26
 3.9614    14
 3.9664    22
 3.9714    19
 3.9764    22
 3.9814    30
 3.9864    19
 3.9914    19
 3.9964    18
 4.0014    20
 4.0064    23
 4.0114    20
 4.0164    24
 4.0214    27
 4.0264    17
 4.0314    22
 4.0364    21
 4.0414    15
 4.0464    12
 4.0514    20
 4.0564    18
 4.0614    26
 4.0664    23
 4.0714    24
 4.0764    21
 4.0814    19
 4.0864    17
 4.0914    16
 4.0964    19
 4.1014    12
 4.1064    15
 4.1114    15
 4.1164    16
 4.1214    15
 4.1264    18
 4.1314    19
 4.1364    15
 4.1414    21
 4.1464    14
 4.1514    15
 4.1564    18
 4.1614    21
 4.1663    24
 4.1713    15
 4.1763    16
 4.1813    19
 4.1863    24
 4.1913    17
 4.1963    13
 4.2013    17
 4.2063    18
 4.2113    18
 4.2163    17
 4.2213    12
 4.2263    13
 4.2313    19
 4.2363    23
 4.2413    17
 4.2463    14
 4.2513    21
 4.2563    15
 4.2613    14
 4.2663    19
 4.2713    15
 4.2763    15
 4.2813    15
 4.2863    13
 4.2913    15
 4.2963    14
 4.3013    14
 4.3063    18
 4.3113    12
 4.3163    18
 4.3213    16
 4.3263    10
 4.3313    11
 4.3363    11
 4.3413    23
 4.3463    21
 4.3513    14
 4.3563    11
 4.3613    12
 4.3663    15
 4.3713    15
 4.3763    14
 4.3813    16
 4.3863    18
 4.3913    16
 4.3963    17
 4.4013    20
 4.4063    13
 4.4113    13
 4.4163    14
 4.4213    18
 4.4263    14
 4.4313    14
 4.4363    17
 4.4413    14
 4.4463    14
 4.4513    15
 4.4563    16
 4.4613    13
 4.4663    18
 4.4713    19
 4.4763    18
 4.4813    14
 4.4863    15
 4.4913    20
 4.4963    16
 4.5012    14
 4.5062    15
 4.5112    11
 4.5162    12
 4.5212    14
 4.5262    14
 4.5312    16
 4.5362    14
 4.5412    15
 4.5462    16
 4.5512    14
 4.5562    15
 4.5612    13
 4.5662    12
 4.5712    10
 4.5762    15
 4.5812    15
 4.5862    14
 4.5912    12
 4.5962    14
 4.6012    14
 4.6062    16
 4.6112    17
 4.6162    13
 4.6212    15
 4.6262    14
 4.6312    14
 4.6362    11
 4.6412    14
 4.6462    13
 4.6512    12
 4.6562    12
 4.6612    13
 4.6662    12
 4.6712     9
 4.6762    12
 4.6812    13
 4.6862    11
 4.6912    12
 4.6962    14
 4.7012    15
 4.7062    12
 4.7112     9
 4.7162    10
 4.7212    17
 4.7262    16
 4.7312    14
 4.7362    17
 4.7412    15
 4.7462    15
 4.7512    16
 4.7562    13
 4.7612    14
 4.7662    15
 4.7712    10
 4.7762     8
 4.7812    10
 4.7862    13
 4.7912    12
 4.7962    12
 4.8012    12
 4.8062    11
 4.8112    13
 4.8162    17
 4.8212    12
 4.8262     6
 4.8312    10
 4.8361    13
 4.8411    14
 4.8461    13
 4.8511    12
 4.8561    14
 4.8611    13
 4.8661    17
 4.8711    19
 4.8761    15
 4.8811    15
 4.8861    13
 4.8911    10
 4.8961    10
 4.9011    10
 4.9061     9
 4.9111    10
 4.9161    15
 4.9211    16
 4.9261    12
 4.9311    15
 4.9361    14
 4.9411    14
 4.9461    18
 4.9511    18
 4.9561    14
 4.9611     8
 4.9661     8
 4.9711    11
 4.9761    11
 4.9811    12
 4.9861    14
 4.9911    13
 4.9961    12
 5.0011    10
 5.0061    12
 5.0111    13
 5.0161    10
 5.0211    14
 5.0261    13
 5.0311    15
 5.0361    12
 5.0411     6
 5.0461     8
 5.0511    12
 5.0561    13
 5.0611    11
 5.0661    12
 5.0711    15
 5.0761    10
 5.0811    12
 5.0861     9
 5.0911     8
 5.0961    10
 5.1011    14
 5.1061    16
 5.1111    12
 5.1161    11
 5.1211    13
 5.1261    14
 5.1311    15
 5.1361    13
 5.1411     9
 5.1461     9
 5.1511     9
 5.1561     9
 5.1611    13
  5.166    12
  5.171     8
  5.176     7
  5.181     6
  5.186     8
  5.191    10
  5.196     8
  5.201     9
  5.206     9
  5.211     9
  5.216    12
  5.221    12
  5.226    11
  5.231    11
  5.236     8
  5.241     8
  5.246    10
  5.251     7
  5.256     8
  5.261    12
  5.266     9
  5.271     9
  5.276    11
  5.281    14
  5.286     5
  5.291     8
  5.296     9
  5.301    11
  5.306    11
  5.311     8
  5.316     8
  5.321     6
  5.326     9
  5.331    11
  5.336     7
  5.341     8
  5.346     8
  5.351     9
  5.356     9
  5.361    11
  5.366    12
  5.371    10
  5.376    12
  5.381    10
  5.386    11
  5.391     9
  5.396     7
  5.401     4
  5.406     7
  5.411    11
  5.416     6
  5.421    13
  5.426     7
  5.431     8
  5.436     8
  5.441     5
  5.446    11
  5.451    10
  5.456     8
  5.461     9
  5.466     6
  5.471     5
  5.476     7
  5.481     8
  5.486     6
  5.491    10
  5.496     7
 5.5009    10
 5.5059     8
 5.5109     6
 5.5159    10
 5.5209     9
 5.5259     7
 5.5309     4
 5.5359     5
 5.5409     7
 5.5459     6
 5.5509    10
 5.5559     6
 5.5609     8
 5.5659    14
 5.5709    12
 5.5759     9
 5.5809    11
 5.5859     9
 5.5909     7
 5.5959     9
 5.6009     9
 5.6059     7
 5.6109     8
 5.6159     6
 5.6209    16
 5.6259     6
 5.6309     6
 5.6359    11
 5.6409    11
 5.6459     8
 5.6509    12
 5.6559     7
 5.6609     3
 5.6659     5
 5.6709     7
 5.6759     8
 5.6809     7
 5.6859     7
 5.6909     5
 5.6959     7
 5.7009     6
 5.7059     5
 5.7109     7
 5.7159     5
 5.7209     9
 5.7259     8
 5.7309    12
 5.7359    12
 5.7409     6
 5.7459     3
 5.7509     7
 5.7559     7
 5.7609    10
 5.7659     7
 5.7709     7
 5.7759     8
 5.7809     2
 5.7859    10
 5.7909     5
 5.7959     6
 5.8009    11
 5.8059     8
 5.8109     5
 5.8159     9
 5.8209     9
 5.8259     6
 5.8309     8
 5.8358     2
 5.8408     4
 5.8458     5
 5.8508     8
 5.8558    13
 5.8608     7
 5.8658     5
 5.8708     8
 5.8758     4
 5.8808     6
 5.8858     7
 5.8908     5
 5.8958     8
 5.9008     8
 5.9058     6
 5.9108     3
 5.9158     9
 5.9208     6
 5.9258     3
 5.9308     8
 5.9358     3
 5.9408     5
 5.9458     6
 5.9508     8
 5.9558     8
 5.9608     8
 5.9658     9
 5.9708     6
 5.9758     5
 5.9808     4
 5.9858     8
 5.9908     5
 5.9958     9
 6.0008     2
 6.0058     9
 6.0108     8
 6.0158     8
 6.0208     7
 6.0258    10
 6.0308     8
 6.0358    11
 6.0408     6
 6.0458     6
 6.0508     2
 6.0558     8
 6.0608     9
 6.0658     5
 6.0708     3
 6.0758     4
 6.0808     9
 6.0858     2
 6.0908    13
 6.0958     4
 6.1008     6
 6.1058     8
 6.1108    12
 6.1158     8
 6.1208     6
 6.1258     3
 6.1308     8
 6.1358     5
 6.1408     6
 6.1458     3
 6.1508     9
 6.1558     6
 6.1608    15
 6.1657     7
 6.1707     7
 6.1757     4
 6.1807     6
 6.1857     5
 6.1907    12
 6.1957     5
 6.2007     4
 6.2057     2
 6.2107     5
 6.2157     7
 6.2207     6
 6.2257     7
 6.2307     6
 6.2357     2
 6.2407     8
 6.2457    10
 6.2507     8
 6.2557     5
 6.2607     6
 6.2657     4
 6.2707     4
 6.2757     3
 6.2807     4
 6.2857     6
 6.2907     5
 6.2957     9
 6.3007     5
 6.3057     5
 6.3107     5
 6.3157     4
 6.3207     6
 6.3257     2
 6.3307     6
 6.3357     6
 6.3407     7
 6.3457     7
 6.3507     3
 6.3557     3
 6.3607     5
 6.3657     5
 6.3707     9
 6.3757     4
 6.3807     5
 6.3857     6
 6.3907     6
 6.3957     6
 6.4007    10
 6.4057     4
 6.4107     6
 6.4157     8
 6.4207     3
 6.4257     6
 6.4307     5
 6.4357     4
 6.4407     6
 6.4457     4
 6.4507     4
 6.4557     8
 6.4607     5
 6.4657     7
 6.4707     7
 6.4757    11
 6.4807     7
 6.4857     5
 6.4907     3
 6.4957     3
 6.5006     9
 6.5056     7
 6.5106     2
 6.5156     4
 6.5206     3
 6.5256     4
 6.5306     9
 6.5356    10
 6.5406     4
 6.5456     5
 6.5506     4
 6.5556     8
 6.5606     3
 6.5656     4
 6.5706     2
 6.5756     6
 6.5806     8
 6.5856     8
 6.5906     5
 6.5956     1
 6.6006     8
 6.6056     4
 6.6106     6
 6.6156     3
 6.6206     6
 6.6256     7
 6.6306     3
 6.6356     3
 6.6406     3
 6.6456     4
 6.6506     5
 6.6556     7
 6.6606     7
 6.6656     7
 6.6706     5
 6.6756     3
 6.6806     3
 6.6856     7
 6.6906     2
 6.6956     5
 6.7006     1
 6.7056     4
 6.7106     3
 6.7156     4
 6.7206     4
 6.7256     5
 6.7306     3
 6.7356     7
 6.7406     3
 6.7456     4
 6.7506     2
 6.7556     5
 6.7606     2
 6.7656     2
 6.7706     2
 6.7756    12
 6.7806     4
 6.7856     6
 6.7906     6
 6.7956     3
 6.8006     6
 6.8056     2
 6.8106     4
 6.8156     8
 6.8206     1
 6.8256     5
 6.8306     8
 6.8355     9
 6.8405     4
 6.8455     4
 6.8505     4
 6.8555     3
 6.8605     4
 6.8655     4
 6.8705     2
 6.8755     6
 6.8805     3
 6.8855     2
 6.8905     6
 6.8955     3
 6.9005     2
 6.9055     3
 6.9105     7
 6.9155     5
 6.9205     8
 6.9255     3
 6.9305     5
 6.9355     3
 6.9405     4
 6.9455     3
 6.9505     1
 6.9555     4
 6.9605     3
 6.9655     6
 6.9705     3
 6.9755     9
 6.9805     3
 6.9855     4
 6.9905     7
 6.9955     3
 7.0005     5
 7.0055     1
 7.0105     4
 7.0155     1
 7.0205     4
 7.0255     1
 7.0305     4
 7.0355     4
 7.0405     2
 7.0455     3
 7.0505     3
 7.0555     3
 7.0605     5
 7.0655     3
 7.0705     2
 7.0755     4
 7.0805     4
 7.0855     4
 7.0905     3
 7.0955     3
 7.1005     3
 7.1055     0
 7.1105     5
 7.1155     3
 7.1205     3
 7.1255     4
 7.1305     4
 7.1355     2
 7.1405     3
 7.1455     2
 7.1505     1
 7.1555     2
 7.1605     4
 7.1654     1
 7.1704     1
 7.1754     4
 7.1804     1
 7.1854     2
 7.1904     2
 7.1954     2
 7.2004     2
 7.2054     1
 7.2104     9
 7.2154     3
 7.2204     2
 7.2254     1
 7.2304     1
 7.2354     1
 7.2404     7
 7.2454     4
 7.2504     6
 7.2554     6
 7.2604     4
 7.2654     3
 7.2704     2
 7.2754     3
 7.2804     6
 7.2854     5
 7.2904     3
 7.2954     4
 7.3004     2
 7.3054     5
 7.3104     3
 7.3154     0
 7.3204     4
 7.3254     3
 7.3304     8
 7.3354     5
 7.3404     4
 7.3454     5
 7.3504     0
 7.3554     2
 7.3604     7
 7.3654     2
 7.3704     2
 7.3754     4
 7.3804     2
 7.3854     4
 7.3904     3
 7.3954     0
 7.4004     6
 7.4054     5
 7.4104     0
 7.4154     4
 7.4204     3
 7.4254     5
 7.4304     2
 7.4354     2
 7.4404     5
 7.4454     2
 7.4504     2
 7.4554     1
 7.4604     1
 7.4654     1
 7.4704     1
 7.4754     5
 7.4804     1
 7.4854     4
 7.4904     4
 7.4954     4
 7.5003     3
 7.5053     4
 7.5103     6
 7.5153     5
 7.5203     1
 7.5253     1
 7.5303     0
 7.5353     4
 7.5403     2
 7.5453     7
 7.5503     1
 7.5553     1
 7.5603     6
 7.5653     4
 7.5703     1
 7.5753     2
 7.5803     3
 7.5853     6
 7.5903     1
 7.5953     4
 7.6003     3
 7.6053     3
 7.6103     5
 7.6153     6
 7.6203     1
 7.6253     4
 7.6303     3
 7.6353     4
 7.6403     1
 7.6453     1
 7.6503     1
 7.6553     4
 7.6603     6
 7.6653     3
 7.6703     3
 7.6753     2
 7.6803     2
 7.6853     3
 7.6903     0
 7.6953     1
 7.7003     4
 7.7053     5
 7.7103     4
 7.7153     4
 7.7203     1
 7.7253     5
 7.7303     4
 7.7353     3
 7.7403     3
 7.7453     0
 7.7503     2
 7.7553     5
 7.7603     3
 7.7653     2
 7.7703     1
 7.7753     0
 7.7803     2
 7.7853     3
 7.7903     1
 7.7953     1
 7.8003     2
 7.8053     1
 7.8103     0
 7.8153     2
 7.8203     3
 7.8253     0
 7.8303     2
 7.8352     2
 7.8402     0
 7.8452     2
 7.8502     3
 7.8552     1
 7.8602     2
 7.8652     4
 7.8702     1
 7.8752     2
 7.8802     1
 7.8852     1
 7.8902     1
 7.8952     2
 7.9002     1
 7.9052     2
 7.9102     3
 7.9152     1
 7.9202     1
 7.9252     3
 7.9302     3
 7.9352     1
 7.9402     0
 7.9452     4
 7.9502     2
 7.9552     2
 7.9602     3
 7.9652     1
 7.9702     3
 7.9752     3
 7.9802     1
 7.9852     0
 7.9902     3
 7.9952     1
 8.0002     1
 8.0052     3
 8.0102     1
 8.0152     1
 8.0202     0
 8.0252     2
 8.0302     1
 8.0352     1
 8.0402     4
 8.0452     2
 8.0502     1
 8.0552     3
 8.0602     1
 8.0652     1
 8.0702     0
 8.0752     0
 8.0802     2
 8.0852     4
 8.0902     1
 8.0952     2
 8.1002     4
 8.1052     4
 8.1102     1
 8.1152     1
 8.1202     4
 8.1252     3
 8.1302     1
 8.1352     2
 8.1402     2
 8.1452     0
 8.1502     2
 8.1552     4
 8.1602     4
 8.1651     1
 8.1701     3
 8.1751     3
 8.1801     0
 8.1851     2
 8.1901     1
 8.1951     0
 8.2001     0
 8.2051     0
 8.2101     1
 8.2151     0
 8.2201     0
 8.2251     0
 8.2301     0
 8.2351     4
 8.2401     0
 8.2451     0
 8.2501     1
 8.2551     0
 8.2601     1
 8.2651     1
 8.2701     2
 8.2751     0
 8.2801     2
 8.2851     1
 8.2901     0
 8.2951     2
 8.3001     0
 8.3051     1
 8.3101     2
 8.3151     4
 8.3201     1
 8.3251     2
 8.3301     2
 8.3351     1
 8.3401     0
 8.3451     1
 8.3501     0
 8.3551     1
 8.3601     1
 8.3651     2
 8.3701     2
 8.3751     0
 8.3801     1
 8.3851     1
 8.3901     1
 8.3951     1
 8.4001     1
 8.4051     3
 8.4101     3
 8.4151     1
 8.4201     0
 8.4251     1
 8.4301     0
 8.4351     1
 8.4401     1
 8.4451     1
 8.4501     0
 8.4551     1
 8.4601     2
 8.4651     0
 8.4701     1
 8.4751     0
 8.4801     1
 8.4851     0
 8.4901     0
 8.4951     2
    8.5     2
  8.505     0
   8.51     3
  8.515     4
   8.52     2
  8.525     1
   8.53     1
  8.535     3
   8.54     1
  8.545     1
   8.55     1
  8.555     2
   8.56     1
  8.565     3
   8.57     1
  8.575     1
   8.58     3
  8.585     2
   8.59     0
  8.595     0
    8.6     0
  8.605     0
   8.61     1
  8.615     2
   8.62     0
  8.625     2
   8.63     0
  8.635     1
   8.64     2
  8.645     0
   8.65     0
  8.655     4
   8.66     1
  8.665     2
   8.67     0
  8.675     0
   8.68     0
  8.685     1
   8.69     1
  8.695     0
    8.7     2
  8.705     1
   8.71     1
  8.715     0
   8.72     0
  8.725     0
   8.73     3
  8.735     0
   8.74     0
  8.745     0
   8.75     2
  8.755     1
   8.76     2
  8.765     2
   8.77     1
  8.775     1
   8.78     1
  8.785     1
   8.79     0
  8.795     0
    8.8     1
  8.805     1
   8.81     0
  8.815     1
   8.82     1
  8.825     0
   8.83     2
 8.8349     2
 8.8399     1
 8.8449     2
 8.8499     1
 8.8549     2
 8.8599     0
 8.8649     0
 8.8699     1
 8.8749     0
 8.8799     0
 8.8849     0
 8.8899     1
 8.8949     1
 8.8999     0
 8.9049     1
 8.9099     0
 8.9149     0
 8.9199     0
 8.9249     2
 8.9299     0
 8.9349     2
 8.9399     2
 8.9449     2
 8.9499     0
 8.9549     0
 8.9599     0
 8.9649     1
 8.9699     0
 8.9749     2
 8.9799     2
 8.9849     0
 8.9899     0
 8.9949     2
 8.9999     0
 9.0049     1
 9.0099     1
 9.0149     0
 9.0199     0
 9.0249     0
 9.0299     1
 9.0349     1
 9.0399     1
 9.0449     0
 9.0499     0
 9.0549     0
 9.0599     0
 9.0649     1
 9.0699     0
 9.0749     0
 9.0799     1
 9.0849     0
 9.0899     0
 9.0949     0
 9.0999     1
 9.1049     0
 9.1099     0
 9.1149     0
 9.1199     1
 9.1249     0
 9.1299     0
 9.1349     1
 9.1399     2
 9.1449     1
 9.1499     0
 9.1549     0
 9.1599     1
 9.1648     1
 9.1698     0
 9.1748     0
 9.1798     0
 9.1848     1
 9.1898     0
 9.1948     0
 9.1998     0
 9.2048     0
 9.2098     0
 9.2148     0
 9.2198     1
 9.2248     0
 9.2298     0
 9.2348     0
 9.2398     0
 9.2448     0
 9.2498     0
 9.2548     0
 9.2598     0
 9.2648     0
 9.2698     0
 9.2748     0
 9.2798     0
 9.2848     0
 9.2898     0
 9.2948     1
 9.2998     0
 9.3048     0
 9.3098     1
 9.3148     0
 9.3198     0
 9.3248     0
 9.3298     1
 9.3348     0
 9.3398     0
 9.3448     0
 9.3498     0
 9.3548     0
 9.3598     1
 9.3648     0
 9.3698     0
 9.3748     0
 9.3798     0
 9.3848     0
 9.3898     0
 9.3948     0
 9.3998     0
 9.4048     0
 9.4098     0
 9.4148     0
 9.4198     0
 9.4248     0
 9.4298     0
 9.4348     0
 9.4398     0
 9.4448     0
 9.4498     0
 9.4548     0
 9.4598     0
 9.4648     0
 9.4698     0
 9.4748     0
 9.4798     0
 9.4848     0
 9.4898     0
 9.4948     0
 9.4997     0
 9.5047     0
 9.5097     0
 9.5147     0
 9.5197     0
 9.5247     0
 9.5297     0
 9.5347     0
 9.5397     0
 9.5447     0
 9.5497     0
 9.5547     0
 9.5597     0
 9.5647     0
 9.5697     0
 9.5747     0
 9.5797     0
 9.5847     0
