Bruker Nano GmbH Berlin, Germany
Esprit 2.x

Date: 8/21/2023 2:52:34 PM
Real time: 46354
Life time: 46354
Pulse density: 5082

Primary energy: 10
Beam current: -1
Take off angle: 35
Tilt angle: 0
Azimut angle: 45

Detector type: Custom type
Window type: slew AP3.3
Detector thickness: 0.45
Si dead layer:0

Calibration, lin.: 4.998
Calibration, abs.: -477.257
Mn FWHM: 124.4
Fano factor: 0.109
Channels: 2155

Energy Counts
-0.4773    0
-0.4723    0
-0.4673    0
-0.4623    0
-0.4573    0
-0.4523    0
-0.4473    0
-0.4423    0
-0.4373    0
-0.4323    0
-0.4273    0
-0.4223    0
-0.4173    0
-0.4123    0
-0.4073    0
-0.4023    0
-0.3973    0
-0.3923    0
-0.3873    0
-0.3823    0
-0.3773    0
-0.3723    0
-0.3673    0
-0.3623    0
-0.3573    0
-0.3523    0
-0.3473    0
-0.3423    0
-0.3373    0
-0.3323    0
-0.3273    0
-0.3223    0
-0.3173    0
-0.3123    0
-0.3073    0
-0.3023    0
-0.2973    0
-0.2923    0
-0.2873    0
-0.2823    0
-0.2773    0
-0.2723    0
-0.2673    0
-0.2623    0
-0.2573    0
-0.2523    0
-0.2473    0
-0.2423    0
-0.2373    0
-0.2323    0
-0.2273    0
-0.2223    0
-0.2173    0
-0.2123    0
-0.2073    0
-0.2023    0
-0.1973    0
-0.1923    0
-0.1873    0
-0.1823    0
-0.1773    0
-0.1723    0
-0.1673    0
-0.1624    0
-0.1574    0
-0.1524    0
-0.1474    0
-0.1424    0
-0.1374    0
-0.1324    0
-0.1274    0
-0.1224    0
-0.1174    0
-0.1124    0
-0.1074    0
-0.1024    0
-0.0974    0
-0.0924    0
-0.0874    0
-0.0824    0
-0.0774    0
-0.0724    2
-0.0674    6
-0.0624   16
-0.0574   31
-0.0524   73
-0.0474  130
-0.0424  350
-0.0374  620
-0.0324 1087
-0.0274 1828
-0.0224 2807
-0.0174 3851
-0.0124 4894
-0.0074 5804
-0.0024 6320
 0.0026 6231
 0.0076 5848
 0.0126 4998
 0.0176 3859
 0.0226 2705
 0.0276 1907
 0.0326 1190
 0.0376  631
 0.0426  332
 0.0476  165
 0.0526   72
 0.0576   23
 0.0626    7
 0.0676    5
 0.0726    3
 0.0776    0
 0.0826    0
 0.0876    0
 0.0926    0
 0.0976    0
 0.1026    0
 0.1076    0
 0.1126    0
 0.1176    0
 0.1226    1
 0.1276   44
 0.1326   81
 0.1376   75
 0.1426   69
 0.1476   59
 0.1526   56
 0.1576   66
 0.1626   66
 0.1675   62
 0.1725   67
 0.1775   61
 0.1825   47
 0.1875   63
 0.1925   63
 0.1975   68
 0.2025   84
 0.2075   87
 0.2125  106
 0.2175  134
 0.2225  173
 0.2275  237
 0.2325  351
 0.2375  453
 0.2425  585
 0.2475  804
 0.2525 1024
 0.2575 1281
 0.2625 1493
 0.2675 1604
 0.2725 1729
 0.2775 1773
 0.2825 1707
 0.2875 1569
 0.2925 1328
 0.2975 1082
 0.3025  856
 0.3075  658
 0.3125  459
 0.3175  305
 0.3225  217
 0.3275  153
 0.3325  118
 0.3375   84
 0.3425   75
 0.3475   91
 0.3525   93
 0.3575   90
 0.3625   81
 0.3675   90
 0.3725  107
 0.3775  120
 0.3825  123
 0.3875  140
 0.3925  149
 0.3975  132
 0.4025  144
 0.4075  140
 0.4125  145
 0.4175  139
 0.4225  138
 0.4275  160
 0.4325  157
 0.4375  179
 0.4425  192
 0.4475  232
 0.4525  280
 0.4575  363
 0.4625  471
 0.4675  588
 0.4725  834
 0.4775 1183
 0.4825 1534
 0.4875 2039
 0.4925 2679
 0.4975 3512
 0.5024 4162
 0.5074 4910
 0.5124 5745
 0.5174 6145
 0.5224 6250
 0.5274 6361
 0.5324 6249
 0.5374 5639
 0.5424 4878
 0.5474 4220
 0.5524 3370
 0.5574 2605
 0.5624 1806
 0.5674 1307
 0.5724  910
 0.5774  633
 0.5824  388
 0.5874  234
 0.5924  180
 0.5974  153
 0.6024  103
 0.6074   92
 0.6124  106
 0.6174   73
 0.6224  101
 0.6274   85
 0.6324  104
 0.6374   72
 0.6424   75
 0.6474  116
 0.6524   92
 0.6574  100
 0.6624   91
 0.6674   91
 0.6724  117
 0.6774  110
 0.6824  125
 0.6874  153
 0.6924  161
 0.6974  185
 0.7024  178
 0.7074  185
 0.7124  157
 0.7174  169
 0.7224  200
 0.7274  182
 0.7324  190
 0.7374  159
 0.7424  143
 0.7474  109
 0.7524  121
 0.7574  106
 0.7624   88
 0.7674   85
 0.7724   91
 0.7774  106
 0.7824   77
 0.7874   83
 0.7924  107
 0.7974  102
 0.8024   66
 0.8074   77
 0.8124   80
 0.8174   91
 0.8224   95
 0.8274   86
 0.8324   84
 0.8373   88
 0.8423   78
 0.8473   85
 0.8523   89
 0.8573   91
 0.8623   89
 0.8673   90
 0.8723   77
 0.8773   87
 0.8823  100
 0.8873   93
 0.8923   95
 0.8973  101
 0.9023   85
 0.9073   80
 0.9123   89
 0.9173   89
 0.9223   85
 0.9273  109
 0.9323   95
 0.9373   97
 0.9423  104
 0.9473   75
 0.9523   95
 0.9573   82
 0.9623   82
 0.9673  125
 0.9723  117
 0.9773  142
 0.9823  132
 0.9873  143
 0.9923  167
 0.9973  199
 1.0023  222
 1.0073  272
 1.0123  294
 1.0173  347
 1.0223  394
 1.0273  430
 1.0323  470
 1.0373  533
 1.0423  528
 1.0473  494
 1.0523  535
 1.0573  479
 1.0623  417
 1.0673  398
 1.0723  384
 1.0773  329
 1.0823  260
 1.0873  231
 1.0923  204
 1.0973  162
 1.1023  158
 1.1073  120
 1.1123  113
 1.1173  117
 1.1223  107
 1.1273  110
 1.1323  118
 1.1373  106
 1.1423   87
 1.1473   97
 1.1523   95
 1.1573   98
 1.1623   94
 1.1672   93
 1.1722  101
 1.1772   86
 1.1822  114
 1.1872  104
 1.1922  103
 1.1972  113
 1.2022  129
 1.2072  124
 1.2122  158
 1.2172  171
 1.2222  199
 1.2272  191
 1.2322  213
 1.2372  274
 1.2422  243
 1.2472  288
 1.2522  297
 1.2572  293
 1.2622  265
 1.2672  300
 1.2722  276
 1.2772  266
 1.2822  255
 1.2872  236
 1.2922  197
 1.2972  178
 1.3022  165
 1.3072  124
 1.3122  142
 1.3172  124
 1.3222  115
 1.3272  114
 1.3322  106
 1.3372  116
 1.3422   84
 1.3472  101
 1.3522  103
 1.3572  106
 1.3622   93
 1.3672   93
 1.3722   92
 1.3772  106
 1.3822  103
 1.3872   96
 1.3922   93
 1.3972   91
 1.4022   94
 1.4072  106
 1.4122  131
 1.4172  147
 1.4222  160
 1.4272  184
 1.4322  227
 1.4372  292
 1.4422  387
 1.4472  472
 1.4522  553
 1.4572  614
 1.4622  716
 1.4672  826
 1.4722  907
 1.4772  956
 1.4822 1021
 1.4872 1038
 1.4922  987
 1.4972 1016
 1.5021  962
 1.5071  901
 1.5121  824
 1.5171  752
 1.5221  684
 1.5271  600
 1.5321  485
 1.5371  408
 1.5421  350
 1.5471  285
 1.5521  238
 1.5571  209
 1.5621  203
 1.5671  158
 1.5721  141
 1.5771  130
 1.5821  133
 1.5871  107
 1.5921  111
 1.5971   96
 1.6021   94
 1.6071   83
 1.6121   79
 1.6171   84
 1.6221   83
 1.6271   98
 1.6321  105
 1.6371  107
 1.6421  113
 1.6471  110
 1.6521  155
 1.6571  190
 1.6621  240
 1.6671  319
 1.6721  380
 1.6771  494
 1.6821  660
 1.6871  862
 1.6921 1081
 1.6971 1353
 1.7021 1617
 1.7071 1928
 1.7121 2223
 1.7171 2510
 1.7221 2808
 1.7271 3005
 1.7321 3177
 1.7371 3336
 1.7421 3377
 1.7471 3321
 1.7521 3259
 1.7571 3028
 1.7621 2844
 1.7671 2606
 1.7721 2288
 1.7771 2041
 1.7821 1774
 1.7871 1493
 1.7921 1232
 1.7971  984
 1.8021  805
 1.8071  624
 1.8121  527
 1.8171  436
 1.8221  370
 1.8271  328
 1.8321  263
  1.837  228
  1.842  216
  1.847  186
  1.852  176
  1.857  164
  1.862  167
  1.867  158
  1.872  140
  1.877  115
  1.882  101
  1.887   92
  1.892   85
  1.897   75
  1.902   73
  1.907   72
  1.912   64
  1.917   58
  1.922   61
  1.927   60
  1.932   49
  1.937   59
  1.942   65
  1.947   65
  1.952   72
  1.957   63
  1.962   47
  1.967   54
  1.972   61
  1.977   57
  1.982   65
  1.987   64
  1.992   59
  1.997   65
  2.002   70
  2.007   74
  2.012   73
  2.017   65
  2.022   66
  2.027   68
  2.032   70
  2.037   67
  2.042   53
  2.047   53
  2.052   59
  2.057   54
  2.062   54
  2.067   58
  2.072   50
  2.077   55
  2.082   54
  2.087   49
  2.092   55
  2.097   49
  2.102   49
  2.107   47
  2.112   41
  2.117   46
  2.122   48
  2.127   50
  2.132   54
  2.137   52
  2.142   55
  2.147   53
  2.152   52
  2.157   50
  2.162   47
 2.1669   50
 2.1719   52
 2.1769   49
 2.1819   55
 2.1869   52
 2.1919   44
 2.1969   43
 2.2019   53
 2.2069   58
 2.2119   46
 2.2169   47
 2.2219   49
 2.2269   52
 2.2319   55
 2.2369   53
 2.2419   49
 2.2469   47
 2.2519   46
 2.2569   58
 2.2619   58
 2.2669   56
 2.2719   57
 2.2769   58
 2.2819   51
 2.2869   54
 2.2919   58
 2.2969   52
 2.3019   48
 2.3069   49
 2.3119   53
 2.3169   55
 2.3219   58
 2.3269   63
 2.3319   63
 2.3369   56
 2.3419   55
 2.3469   61
 2.3519   58
 2.3569   48
 2.3619   48
 2.3669   50
 2.3719   50
 2.3769   50
 2.3819   45
 2.3869   40
 2.3919   49
 2.3969   38
 2.4019   40
 2.4069   51
 2.4119   44
 2.4169   46
 2.4219   37
 2.4269   35
 2.4319   45
 2.4369   42
 2.4419   47
 2.4469   50
 2.4519   49
 2.4569   51
 2.4619   37
 2.4669   38
 2.4719   34
 2.4769   39
 2.4819   47
 2.4869   38
 2.4919   41
 2.4969   43
 2.5018   41
 2.5068   32
 2.5118   38
 2.5168   45
 2.5218   43
 2.5268   39
 2.5318   40
 2.5368   46
 2.5418   43
 2.5468   47
 2.5518   49
 2.5568   36
 2.5618   44
 2.5668   59
 2.5718   50
 2.5768   56
 2.5818   60
 2.5868   52
 2.5918   61
 2.5968   68
 2.6018   63
 2.6068   67
 2.6118   61
 2.6168   70
 2.6218   68
 2.6268   73
 2.6318   71
 2.6368   67
 2.6418   69
 2.6468   72
 2.6518   53
 2.6568   59
 2.6618   60
 2.6668   50
 2.6718   47
 2.6768   55
 2.6818   42
 2.6868   32
 2.6918   45
 2.6968   47
 2.7018   48
 2.7068   46
 2.7118   35
 2.7168   37
 2.7218   34
 2.7268   41
 2.7318   29
 2.7368   38
 2.7418   35
 2.7468   41
 2.7518   37
 2.7568   55
 2.7618   33
 2.7668   49
 2.7718   41
 2.7768   45
 2.7818   38
 2.7868   34
 2.7918   37
 2.7968   34
 2.8018   50
 2.8068   34
 2.8118   42
 2.8168   43
 2.8218   40
 2.8268   33
 2.8318   47
 2.8367   33
 2.8417   41
 2.8467   33
 2.8517   40
 2.8567   39
 2.8617   38
 2.8667   44
 2.8717   26
 2.8767   37
 2.8817   36
 2.8867   23
 2.8917   36
 2.8967   30
 2.9017   33
 2.9067   29
 2.9117   45
 2.9167   43
 2.9217   41
 2.9267   24
 2.9317   37
 2.9367   38
 2.9417   46
 2.9467   28
 2.9517   35
 2.9567   34
 2.9617   37
 2.9667   41
 2.9717   29
 2.9767   38
 2.9817   44
 2.9867   24
 2.9917   27
 2.9967   30
 3.0017   28
 3.0067   38
 3.0117   28
 3.0167   39
 3.0217   30
 3.0267   31
 3.0317   33
 3.0367   28
 3.0417   26
 3.0467   42
 3.0517   36
 3.0567   38
 3.0617   29
 3.0667   19
 3.0717   36
 3.0767   32
 3.0817   44
 3.0867   30
 3.0917   29
 3.0967   32
 3.1017   34
 3.1067   34
 3.1117   29
 3.1167   31
 3.1217   19
 3.1267   30
 3.1317   32
 3.1367   29
 3.1417   34
 3.1467   31
 3.1517   28
 3.1567   32
 3.1617   33
 3.1666   32
 3.1716   25
 3.1766   31
 3.1816   27
 3.1866   27
 3.1916   37
 3.1966   31
 3.2016   33
 3.2066   26
 3.2116   29
 3.2166   31
 3.2216   34
 3.2266   44
 3.2316   44
 3.2366   39
 3.2416   57
 3.2466   58
 3.2516   67
 3.2566   63
 3.2616   73
 3.2666   85
 3.2716   83
 3.2766   91
 3.2816   98
 3.2866   92
 3.2916   86
 3.2966  109
 3.3016  121
 3.3066  128
 3.3116  137
 3.3166  131
 3.3216  106
 3.3266  111
 3.3316  115
 3.3366  115
 3.3416   97
 3.3466   79
 3.3516   93
 3.3566   84
 3.3616   87
 3.3666   64
 3.3716   74
 3.3766   68
 3.3816   55
 3.3866   44
 3.3916   41
 3.3966   41
 3.4016   43
 3.4066   29
 3.4116   33
 3.4166   35
 3.4216   32
 3.4266   34
 3.4316   23
 3.4366   23
 3.4416   31
 3.4466   28
 3.4516   27
 3.4566   24
 3.4616   26
 3.4666   29
 3.4716   28
 3.4766   27
 3.4816   32
 3.4866   24
 3.4916   23
 3.4966   21
 3.5015   25
 3.5065   24
 3.5115   31
 3.5165   33
 3.5215   25
 3.5265   29
 3.5315   32
 3.5365   26
 3.5415   30
 3.5465   33
 3.5515   36
 3.5565   30
 3.5615   44
 3.5665   35
 3.5715   28
 3.5765   38
 3.5815   42
 3.5865   35
 3.5915   33
 3.5965   45
 3.6015   34
 3.6065   36
 3.6115   36
 3.6165   41
 3.6215   36
 3.6265   47
 3.6315   36
 3.6365   41
 3.6415   39
 3.6465   45
 3.6515   52
 3.6565   46
 3.6615   45
 3.6665   45
 3.6715   41
 3.6765   48
 3.6815   50
 3.6865   44
 3.6915   43
 3.6965   36
 3.7015   41
 3.7065   38
 3.7115   53
 3.7165   36
 3.7215   55
 3.7265   42
 3.7315   42
 3.7365   35
 3.7415   35
 3.7465   36
 3.7515   40
 3.7565   28
 3.7615   32
 3.7665   28
 3.7715   30
 3.7765   41
 3.7815   25
 3.7865   29
 3.7915   19
 3.7965   20
 3.8015   20
 3.8065   16
 3.8115   22
 3.8165   18
 3.8215   17
 3.8265   18
 3.8315   19
 3.8364   23
 3.8414   23
 3.8464   24
 3.8514   17
 3.8564   28
 3.8614   24
 3.8664   19
 3.8714   13
 3.8764   18
 3.8814   15
 3.8864   24
 3.8914   13
 3.8964   29
 3.9014   17
 3.9064   21
 3.9114   24
 3.9164   23
 3.9214   24
 3.9264   26
 3.9314   25
 3.9364   30
 3.9414   13
 3.9464   26
 3.9514   18
 3.9564   23
 3.9614   29
 3.9664   24
 3.9714   23
 3.9764   25
 3.9814   26
 3.9864   15
 3.9914   22
 3.9964   21
 4.0014   20
 4.0064   23
 4.0114   29
 4.0164   21
 4.0214   20
 4.0264   17
 4.0314   26
 4.0364   29
 4.0414   24
 4.0464   21
 4.0514   25
 4.0564   20
 4.0614   21
 4.0664   17
 4.0714   29
 4.0764   22
 4.0814   21
 4.0864   29
 4.0914   29
 4.0964   24
 4.1014   18
 4.1064   18
 4.1114   20
 4.1164   28
 4.1214   24
 4.1264   19
 4.1314   22
 4.1364   17
 4.1414   21
 4.1464   25
 4.1514   19
 4.1564   21
 4.1614   20
 4.1663   17
 4.1713   16
 4.1763   20
 4.1813   20
 4.1863   18
 4.1913   25
 4.1963   18
 4.2013   16
 4.2063   17
 4.2113   21
 4.2163   18
 4.2213   18
 4.2263   22
 4.2313   26
 4.2363   21
 4.2413   18
 4.2463   19
 4.2513   18
 4.2563   16
 4.2613   23
 4.2663   23
 4.2713   20
 4.2763   20
 4.2813   23
 4.2863   20
 4.2913   20
 4.2963   23
 4.3013   17
 4.3063   16
 4.3113   14
 4.3163   12
 4.3213   18
 4.3263   19
 4.3313   16
 4.3363   16
 4.3413   20
 4.3463   17
 4.3513   15
 4.3563   13
 4.3613   16
 4.3663   21
 4.3713   15
 4.3763   15
 4.3813   16
 4.3863   19
 4.3913   15
 4.3963   16
 4.4013   22
 4.4063   21
 4.4113   25
 4.4163   21
 4.4213   17
 4.4263   16
 4.4313   17
 4.4363   17
 4.4413   18
 4.4463   19
 4.4513   21
 4.4563   19
 4.4613   21
 4.4663   23
 4.4713   21
 4.4763   21
 4.4813   21
 4.4863   19
 4.4913   18
 4.4963   25
 4.5012   19
 4.5062   18
 4.5112   18
 4.5162   25
 4.5212   23
 4.5262   16
 4.5312   18
 4.5362   24
 4.5412   19
 4.5462   20
 4.5512   18
 4.5562   16
 4.5612   17
 4.5662   18
 4.5712   21
 4.5762   21
 4.5812   18
 4.5862   16
 4.5912   17
 4.5962   18
 4.6012   17
 4.6062   12
 4.6112   15
 4.6162   20
 4.6212   16
 4.6262   13
 4.6312   11
 4.6362   13
 4.6412   16
 4.6462   14
 4.6512   18
 4.6562   21
 4.6612   20
 4.6662   18
 4.6712   18
 4.6762   16
 4.6812   15
 4.6862   16
 4.6912   16
 4.6962   14
 4.7012   12
 4.7062   13
 4.7112   15
 4.7162   16
 4.7212   17
 4.7262   16
 4.7312   13
 4.7362   16
 4.7412   17
 4.7462   15
 4.7512   17
 4.7562   18
 4.7612   15
 4.7662   13
 4.7712   10
 4.7762   12
 4.7812    9
 4.7862   11
 4.7912   16
 4.7962   16
 4.8012   14
 4.8062   13
 4.8112   15
 4.8162   12
 4.8212    9
 4.8262   12
 4.8312   16
 4.8361   16
 4.8411   14
 4.8461   14
 4.8511   10
 4.8561   11
 4.8611   18
 4.8661   15
 4.8711   11
 4.8761   14
 4.8811   12
 4.8861   13
 4.8911   15
 4.8961   17
 4.9011   14
 4.9061   12
 4.9111   16
 4.9161   17
 4.9211   14
 4.9261   15
 4.9311   12
 4.9361   11
 4.9411   17
 4.9461   16
 4.9511   12
 4.9561   13
 4.9611   14
 4.9661   12
 4.9711   14
 4.9761   18
 4.9811   23
 4.9861   19
 4.9911   15
 4.9961   15
 5.0011   12
 5.0061   10
 5.0111   12
 5.0161   16
 5.0211   14
 5.0261   11
 5.0311   13
 5.0361   15
 5.0411   17
 5.0461   12
 5.0511   11
 5.0561   12
 5.0611   12
 5.0661   18
 5.0711   13
 5.0761    8
 5.0811    9
 5.0861   11
 5.0911   11
 5.0961   13
 5.1011   13
 5.1061   15
 5.1111   13
 5.1161   10
 5.1211    9
 5.1261   10
 5.1311   15
 5.1361   14
 5.1411   17
 5.1461   13
 5.1511   14
 5.1561   17
 5.1611   19
  5.166   16
  5.171   11
  5.176   16
  5.181   16
  5.186   10
  5.191    9
  5.196   11
  5.201   16
  5.206   15
  5.211   13
  5.216   15
  5.221   15
  5.226   12
  5.231   11
  5.236   12
  5.241   13
  5.246   12
  5.251   11
  5.256   15
  5.261    9
  5.266   16
  5.271   13
  5.276   15
  5.281   16
  5.286   14
  5.291   10
  5.296   11
  5.301   14
  5.306    9
  5.311   11
  5.316   11
  5.321   15
  5.326   13
  5.331    9
  5.336   11
  5.341    8
  5.346   12
  5.351   14
  5.356   16
  5.361    9
  5.366   12
  5.371   13
  5.376   10
  5.381   10
  5.386   16
  5.391   16
  5.396   13
  5.401   11
  5.406   10
  5.411   11
  5.416   13
  5.421   12
  5.426   11
  5.431   12
  5.436   12
  5.441   18
  5.446   12
  5.451   13
  5.456   12
  5.461   15
  5.466   10
  5.471    9
  5.476   12
  5.481   13
  5.486    9
  5.491    9
  5.496   12
 5.5009   12
 5.5059   15
 5.5109   17
 5.5159    9
 5.5209    7
 5.5259   11
 5.5309    6
 5.5359   14
 5.5409   13
 5.5459    7
 5.5509    9
 5.5559   14
 5.5609   12
 5.5659    7
 5.5709    9
 5.5759   12
 5.5809   11
 5.5859    9
 5.5909   12
 5.5959   11
 5.6009    9
 5.6059   11
 5.6109   11
 5.6159   13
 5.6209    8
 5.6259   10
 5.6309   10
 5.6359   13
 5.6409    9
 5.6459    8
 5.6509   10
 5.6559   11
 5.6609    8
 5.6659   14
 5.6709    7
 5.6759   13
 5.6809   10
 5.6859    5
 5.6909    7
 5.6959   12
 5.7009   11
 5.7059   11
 5.7109    9
 5.7159   11
 5.7209   11
 5.7259    5
 5.7309    7
 5.7359    8
 5.7409   13
 5.7459   12
 5.7509    5
 5.7559    8
 5.7609   16
 5.7659   10
 5.7709    4
 5.7759   11
 5.7809    8
 5.7859    7
 5.7909    6
 5.7959   14
 5.8009    9
 5.8059    9
 5.8109   14
 5.8159    6
 5.8209   15
 5.8259    9
 5.8309   12
 5.8358    9
 5.8408   16
 5.8458   13
 5.8508   13
 5.8558    7
 5.8608    9
 5.8658    8
 5.8708   10
 5.8758    4
 5.8808    6
 5.8858    8
 5.8908   12
 5.8958    6
 5.9008   11
 5.9058    9
 5.9108    7
 5.9158    6
 5.9208   14
 5.9258    7
 5.9308    8
 5.9358    5
 5.9408    7
 5.9458   10
 5.9508   11
 5.9558    8
 5.9608   15
 5.9658   10
 5.9708   13
 5.9758   12
 5.9808   10
 5.9858   12
 5.9908    8
 5.9958   14
 6.0008    7
 6.0058    8
 6.0108    8
 6.0158   13
 6.0208   13
 6.0258    7
 6.0308    6
 6.0358   11
 6.0408    8
 6.0458    3
 6.0508    7
 6.0558    9
 6.0608    7
 6.0658   12
 6.0708    5
 6.0758   12
 6.0808    6
 6.0858    9
 6.0908    6
 6.0958    8
 6.1008    4
 6.1058   10
 6.1108   10
 6.1158    8
 6.1208    5
 6.1258    8
 6.1308   17
 6.1358    7
 6.1408    9
 6.1458   14
 6.1508    6
 6.1558    9
 6.1608   13
 6.1657    8
 6.1707    6
 6.1757   10
 6.1807   13
 6.1857    6
 6.1907    9
 6.1957    6
 6.2007   10
 6.2057    4
 6.2107    3
 6.2157    7
 6.2207    8
 6.2257    7
 6.2307    6
 6.2357    7
 6.2407    8
 6.2457   11
 6.2507    7
 6.2557    7
 6.2607   11
 6.2657   12
 6.2707    7
 6.2757    8
 6.2807   13
 6.2857    6
 6.2907   10
 6.2957    4
 6.3007    6
 6.3057   13
 6.3107    9
 6.3157   10
 6.3207    9
 6.3257   16
 6.3307   18
 6.3357    5
 6.3407   15
 6.3457   13
 6.3507   18
 6.3557   18
 6.3607   15
 6.3657   24
 6.3707   20
 6.3757   19
 6.3807   20
 6.3857   25
 6.3907   22
 6.3957   18
 6.4007   23
 6.4057   23
 6.4107   19
 6.4157   12
 6.4207   27
 6.4257   16
 6.4307   19
 6.4357   10
 6.4407   22
 6.4457    8
 6.4507   11
 6.4557   13
 6.4607    9
 6.4657   23
 6.4707   12
 6.4757   11
 6.4807   12
 6.4857   13
 6.4907   11
 6.4957   14
 6.5006    6
 6.5056    7
 6.5106    9
 6.5156   13
 6.5206   11
 6.5256    5
 6.5306   11
 6.5356   13
 6.5406   12
 6.5456   10
 6.5506    3
 6.5556   11
 6.5606    5
 6.5656   11
 6.5706    3
 6.5756    5
 6.5806    5
 6.5856   10
 6.5906    3
 6.5956    8
 6.6006    4
 6.6056    6
 6.6106    6
 6.6156    8
 6.6206   10
 6.6256   10
 6.6306    9
 6.6356    7
 6.6406    7
 6.6456    3
 6.6506    8
 6.6556    9
 6.6606    5
 6.6656    7
 6.6706    5
 6.6756    5
 6.6806    7
 6.6856   12
 6.6906    6
 6.6956    8
 6.7006    8
 6.7056    8
 6.7106    9
 6.7156    3
 6.7206    6
 6.7256    4
 6.7306   11
 6.7356    0
 6.7406    4
 6.7456    4
 6.7506    9
 6.7556    7
 6.7606    7
 6.7656    6
 6.7706    5
 6.7756    3
 6.7806    4
 6.7856    5
 6.7906    7
 6.7956    9
 6.8006    9
 6.8056    4
 6.8106    4
 6.8156   10
 6.8206    7
 6.8256    7
 6.8306    5
 6.8355    6
 6.8405    5
 6.8455    8
 6.8505    5
 6.8555    6
 6.8605    6
 6.8655    7
 6.8705    6
 6.8755    7
 6.8805    6
 6.8855    8
 6.8905    4
 6.8955    7
 6.9005    9
 6.9055    5
 6.9105    5
 6.9155    4
 6.9205    9
 6.9255    7
 6.9305    8
 6.9355    9
 6.9405    6
 6.9455    3
 6.9505    8
 6.9555    3
 6.9605    9
 6.9655    7
 6.9705    6
 6.9755    8
 6.9805    7
 6.9855    7
 6.9905    8
 6.9955    7
 7.0005    6
 7.0055    9
 7.0105    7
 7.0155    9
 7.0205    9
 7.0255    5
 7.0305    4
 7.0355    9
 7.0405    6
 7.0455    8
 7.0505    9
 7.0555    7
 7.0605    5
 7.0655    7
 7.0705    8
 7.0755   13
 7.0805    5
 7.0855    7
 7.0905    8
 7.0955    7
 7.1005    8
 7.1055    5
 7.1105    8
 7.1155    3
 7.1205    8
 7.1255   10
 7.1305    5
 7.1355    5
 7.1405    8
 7.1455    6
 7.1505    8
 7.1555    4
 7.1605    3
 7.1654   11
 7.1704    3
 7.1754    6
 7.1804    4
 7.1854   10
 7.1904    4
 7.1954    4
 7.2004    8
 7.2054    2
 7.2104    6
 7.2154    5
 7.2204   13
 7.2254    3
 7.2304    6
 7.2354    7
 7.2404    6
 7.2454    4
 7.2504    2
 7.2554    8
 7.2604    4
 7.2654    8
 7.2704    1
 7.2754    7
 7.2804    2
 7.2854    7
 7.2904    3
 7.2954    9
 7.3004    2
 7.3054    7
 7.3104    6
 7.3154    9
 7.3204    3
 7.3254    3
 7.3304    8
 7.3354    5
 7.3404    4
 7.3454    3
 7.3504    2
 7.3554    1
 7.3604    4
 7.3654    3
 7.3704    4
 7.3754    3
 7.3804    7
 7.3854    7
 7.3904    4
 7.3954    5
 7.4004    7
 7.4054    5
 7.4104    4
 7.4154    3
 7.4204    8
 7.4254    6
 7.4304    2
 7.4354    5
 7.4404    4
 7.4454    7
 7.4504    1
 7.4554    3
 7.4604    5
 7.4654    8
 7.4704    4
 7.4754    7
 7.4804    5
 7.4854    6
 7.4904    3
 7.4954    4
 7.5003    8
 7.5053    6
 7.5103    5
 7.5153    3
 7.5203    4
 7.5253    2
 7.5303    7
 7.5353    5
 7.5403    3
 7.5453    7
 7.5503    5
 7.5553    8
 7.5603   10
 7.5653    2
 7.5703    4
 7.5753    5
 7.5803    5
 7.5853    2
 7.5903    5
 7.5953    4
 7.6003    5
 7.6053    2
 7.6103    8
 7.6153    3
 7.6203    2
 7.6253    4
 7.6303    3
 7.6353    4
 7.6403    2
 7.6453    6
 7.6503    0
 7.6553    5
 7.6603    0
 7.6653    4
 7.6703    6
 7.6753    3
 7.6803    5
 7.6853    4
 7.6903    4
 7.6953    4
 7.7003    2
 7.7053    2
 7.7103    9
 7.7153    3
 7.7203    6
 7.7253    3
 7.7303    3
 7.7353    3
 7.7403    6
 7.7453    2
 7.7503    5
 7.7553    2
 7.7603    6
 7.7653    1
 7.7703    4
 7.7753    5
 7.7803    1
 7.7853    4
 7.7903    2
 7.7953    2
 7.8003    6
 7.8053    5
 7.8103    2
 7.8153    2
 7.8203    0
 7.8253    1
 7.8303    2
 7.8352    5
 7.8402    2
 7.8452    2
 7.8502    4
 7.8552    5
 7.8602    5
 7.8652    0
 7.8702    1
 7.8752    4
 7.8802    2
 7.8852    5
 7.8902    4
 7.8952    2
 7.9002    5
 7.9052    0
 7.9102    1
 7.9152    2
 7.9202    1
 7.9252    3
 7.9302    4
 7.9352    3
 7.9402    3
 7.9452    1
 7.9502    1
 7.9552    2
 7.9602    3
 7.9652    3
 7.9702    4
 7.9752    4
 7.9802    4
 7.9852    5
 7.9902    4
 7.9952    2
 8.0002    6
 8.0052    2
 8.0102    5
 8.0152    5
 8.0202    2
 8.0252    3
 8.0302    2
 8.0352    1
 8.0402    2
 8.0452    4
 8.0502    2
 8.0552    1
 8.0602    1
 8.0652    1
 8.0702    3
 8.0752    3
 8.0802    3
 8.0852    0
 8.0902    3
 8.0952    4
 8.1002    5
 8.1052    3
 8.1102    4
 8.1152    4
 8.1202    2
 8.1252    3
 8.1302    2
 8.1352    3
 8.1402    0
 8.1452    2
 8.1502    0
 8.1552    3
 8.1602    2
 8.1651    1
 8.1701    3
 8.1751    4
 8.1801    2
 8.1851    3
 8.1901    4
 8.1951    3
 8.2001    3
 8.2051    2
 8.2101    1
 8.2151    2
 8.2201    2
 8.2251    9
 8.2301    4
 8.2351    0
 8.2401    3
 8.2451    6
 8.2501    3
 8.2551    1
 8.2601    1
 8.2651    0
 8.2701    3
 8.2751    2
 8.2801    2
 8.2851    2
 8.2901    4
 8.2951    1
 8.3001    3
 8.3051    2
 8.3101    1
 8.3151    2
 8.3201    1
 8.3251    1
 8.3301    3
 8.3351    1
 8.3401    3
 8.3451    3
 8.3501    2
 8.3551    2
 8.3601    2
 8.3651    3
 8.3701    0
 8.3751    1
 8.3801    0
 8.3851    3
 8.3901    1
 8.3951    5
 8.4001    5
 8.4051    2
 8.4101    1
 8.4151    1
 8.4201    2
 8.4251    2
 8.4301    0
 8.4351    2
 8.4401    2
 8.4451    1
 8.4501    4
 8.4551    2
 8.4601    2
 8.4651    3
 8.4701    3
 8.4751    3
 8.4801    1
 8.4851    2
 8.4901    0
 8.4951    1
    8.5    0
  8.505    3
   8.51    1
  8.515    1
   8.52    3
  8.525    2
   8.53    1
  8.535    3
   8.54    1
  8.545    1
   8.55    0
  8.555    4
   8.56    3
  8.565    0
   8.57    0
  8.575    4
   8.58    1
  8.585    0
   8.59    1
  8.595    1
    8.6    1
  8.605    0
   8.61    2
  8.615    2
   8.62    1
  8.625    4
   8.63    4
  8.635    0
   8.64    3
  8.645    1
   8.65    7
  8.655    1
   8.66    1
  8.665    2
   8.67    2
  8.675    1
   8.68    1
  8.685    4
   8.69    1
  8.695    0
    8.7    0
  8.705    3
   8.71    1
  8.715    3
   8.72    2
  8.725    1
   8.73    2
  8.735    0
   8.74    1
  8.745    2
   8.75    2
  8.755    1
   8.76    0
  8.765    2
   8.77    2
  8.775    0
   8.78    4
  8.785    1
   8.79    0
  8.795    2
    8.8    0
  8.805    1
   8.81    1
  8.815    0
   8.82    2
  8.825    0
   8.83    2
 8.8349    1
 8.8399    2
 8.8449    1
 8.8499    1
 8.8549    2
 8.8599    3
 8.8649    2
 8.8699    1
 8.8749    0
 8.8799    3
 8.8849    1
 8.8899    1
 8.8949    0
 8.8999    0
 8.9049    0
 8.9099    1
 8.9149    0
 8.9199    1
 8.9249    0
 8.9299    0
 8.9349    1
 8.9399    1
 8.9449    2
 8.9499    1
 8.9549    1
 8.9599    2
 8.9649    2
 8.9699    0
 8.9749    1
 8.9799    1
 8.9849    1
 8.9899    3
 8.9949    1
 8.9999    1
 9.0049    0
 9.0099    0
 9.0149    0
 9.0199    1
 9.0249    1
 9.0299    0
 9.0349    2
 9.0399    1
 9.0449    2
 9.0499    3
 9.0549    0
 9.0599    1
 9.0649    2
 9.0699    0
 9.0749    1
 9.0799    0
 9.0849    0
 9.0899    0
 9.0949    0
 9.0999    2
 9.1049    1
 9.1099    0
 9.1149    1
 9.1199    1
 9.1249    1
 9.1299    1
 9.1349    0
 9.1399    2
 9.1449    0
 9.1499    1
 9.1549    0
 9.1599    1
 9.1648    0
 9.1698    0
 9.1748    1
 9.1798    2
 9.1848    0
 9.1898    0
 9.1948    0
 9.1998    1
 9.2048    0
 9.2098    1
 9.2148    2
 9.2198    0
 9.2248    0
 9.2298    1
 9.2348    0
 9.2398    1
 9.2448    1
 9.2498    0
 9.2548    0
 9.2598    1
 9.2648    0
 9.2698    4
 9.2748    0
 9.2798    0
 9.2848    1
 9.2898    0
 9.2948    0
 9.2998    0
 9.3048    0
 9.3098    0
 9.3148    1
 9.3198    0
 9.3248    0
 9.3298    0
 9.3348    0
 9.3398    0
 9.3448    1
 9.3498    1
 9.3548    0
 9.3598    0
 9.3648    1
 9.3698    0
 9.3748    2
 9.3798    0
 9.3848    0
 9.3898    1
 9.3948    0
 9.3998    0
 9.4048    0
 9.4098    0
 9.4148    2
 9.4198    0
 9.4248    1
 9.4298    0
 9.4348    1
 9.4398    1
 9.4448    0
 9.4498    1
 9.4548    2
 9.4598    0
 9.4648    0
 9.4698    0
 9.4748    0
 9.4798    0
 9.4848    0
 9.4898    0
 9.4948    0
 9.4997    1
 9.5047    0
 9.5097    0
 9.5147    1
 9.5197    1
 9.5247    0
 9.5297    0
 9.5347    0
 9.5397    0
 9.5447    0
 9.5497    0
 9.5547    0
 9.5597    0
 9.5647    0
 9.5697    0
 9.5747    0
 9.5797    0
 9.5847    0
 9.5897    0
 9.5947    0
 9.5997    0
 9.6047    0
 9.6097    0
 9.6147    0
 9.6197    0
 9.6247    0
 9.6297    0
 9.6347    0
 9.6397    0
 9.6447    0
 9.6497    0
 9.6547    0
 9.6597    0
 9.6647    0
 9.6697    0
 9.6747    0
 9.6797    0
 9.6847    0
 9.6897    0
 9.6947    0
 9.6997    0
 9.7047    0
 9.7097    0
 9.7147    0
 9.7197    1
 9.7247    0
 9.7297    0
 9.7347    0
 9.7397    0
 9.7447    0
 9.7497    0
 9.7547    0
 9.7597    0
 9.7647    0
 9.7697    0
 9.7747    0
 9.7797    0
 9.7847    0
 9.7897    0
 9.7947    0
 9.7997    0
 9.8047    0
 9.8097    0
 9.8147    0
 9.8197    0
 9.8247    0
 9.8297    0
 9.8346    0
 9.8396    0
 9.8446    0
 9.8496    0
 9.8546    0
 9.8596    0
 9.8646    0
 9.8696    0
 9.8746    0
 9.8796    0
 9.8846    0
 9.8896    0
 9.8946    0
 9.8996    0
 9.9046    0
 9.9096    0
 9.9146    0
 9.9196    0
 9.9246    0
 9.9296    0
 9.9346    0
 9.9396    0
 9.9446    0
 9.9496    0
 9.9546    0
 9.9596    0
 9.9646    0
 9.9696    0
 9.9746    0
 9.9796    0
 9.9846    0
 9.9896    0
 9.9946    0
 9.9996    0
10.0046    0
10.0096    0
10.0146    0
10.0196    0
10.0246    0
10.0296    0
10.0346    0
10.0396    0
10.0446    0
10.0496    0
10.0546    0
10.0596    0
10.0646    0
10.0696    0
10.0746    0
10.0796    0
10.0846    0
10.0896    0
10.0946    0
10.0996    0
10.1046    0
10.1096    0
10.1146    0
10.1196    0
10.1246    0
10.1296    0
10.1346    0
10.1396    0
10.1446    0
10.1496    0
10.1546    0
10.1596    0
10.1645    0
10.1695    0
10.1745    0
10.1795    0
10.1845    0
10.1895    0
10.1945    0
10.1995    0
10.2045    0
10.2095    0
10.2145    0
10.2195    0
10.2245    0
10.2295    0
10.2345    0
10.2395    0
10.2445    0
10.2495    0
10.2545    0
10.2595    0
10.2645    0
10.2695    0
10.2745    0
10.2795    0
10.2845    0
10.2895    0
