Bruker Nano GmbH Berlin, Germany
Esprit 2.x

Date: 8/21/2023 2:14:53 PM
Real time: 51663
Life time: 50469
Pulse density: 5321

Primary energy: 10
Beam current: -1
Take off angle: 35
Tilt angle: 0
Azimut angle: 45

Detector type: Custom type
Window type: slew AP3.3
Detector thickness: 0.45
Si dead layer:0

Calibration, lin.: 4.998
Calibration, abs.: -477.257
Mn FWHM: 124.4
Fano factor: 0.109
Channels: 2044

Energy Counts
-0.4773    0
-0.4723    0
-0.4673    0
-0.4623    0
-0.4573    0
-0.4523    0
-0.4473    0
-0.4423    0
-0.4373    0
-0.4323    0
-0.4273    0
-0.4223    0
-0.4173    0
-0.4123    0
-0.4073    0
-0.4023    0
-0.3973    0
-0.3923    0
-0.3873    0
-0.3823    0
-0.3773    0
-0.3723    0
-0.3673    0
-0.3623    0
-0.3573    0
-0.3523    0
-0.3473    0
-0.3423    0
-0.3373    0
-0.3323    0
-0.3273    0
-0.3223    0
-0.3173    0
-0.3123    0
-0.3073    0
-0.3023    0
-0.2973    0
-0.2923    0
-0.2873    0
-0.2823    0
-0.2773    0
-0.2723    0
-0.2673    0
-0.2623    0
-0.2573    0
-0.2523    0
-0.2473    0
-0.2423    0
-0.2373    0
-0.2323    0
-0.2273    0
-0.2223    0
-0.2173    0
-0.2123    0
-0.2073    0
-0.2023    0
-0.1973    0
-0.1923    0
-0.1873    0
-0.1823    0
-0.1773    0
-0.1723    0
-0.1673    0
-0.1624    0
-0.1574    0
-0.1524    0
-0.1474    0
-0.1424    0
-0.1374    0
-0.1324    0
-0.1274    0
-0.1224    0
-0.1174    0
-0.1124    0
-0.1074    0
-0.1024    0
-0.0974    0
-0.0924    0
-0.0874    0
-0.0824    0
-0.0774    0
-0.0724    1
-0.0674    2
-0.0624   11
-0.0574   22
-0.0524   60
-0.0474  123
-0.0424  301
-0.0374  584
-0.0324 1040
-0.0274 1667
-0.0224 2528
-0.0174 3533
-0.0124 4441
-0.0074 5250
-0.0024 5602
 0.0026 5778
 0.0076 5130
 0.0126 4450
 0.0176 3543
 0.0226 2439
 0.0276 1720
 0.0326  975
 0.0376  569
 0.0426  285
 0.0476  137
 0.0526   60
 0.0576   24
 0.0626   16
 0.0676    5
 0.0726    1
 0.0776    3
 0.0826    0
 0.0876    0
 0.0926    0
 0.0976    0
 0.1026    0
 0.1076    0
 0.1126    0
 0.1176    0
 0.1226    5
 0.1276   46
 0.1326   84
 0.1376   71
 0.1426   64
 0.1476   51
 0.1526   44
 0.1576   45
 0.1626   47
 0.1675   45
 0.1725   44
 0.1775   37
 0.1825   28
 0.1875   39
 0.1925   42
 0.1975   49
 0.2025   57
 0.2075   50
 0.2125   56
 0.2175   75
 0.2225   76
 0.2275  100
 0.2325  135
 0.2375  163
 0.2425  206
 0.2475  271
 0.2525  349
 0.2575  431
 0.2625  469
 0.2675  523
 0.2725  582
 0.2775  575
 0.2825  553
 0.2875  512
 0.2925  437
 0.2975  365
 0.3025  299
 0.3075  227
 0.3125  166
 0.3175  127
 0.3225   90
 0.3275   63
 0.3325   68
 0.3375   63
 0.3425   49
 0.3475   47
 0.3525   63
 0.3575   58
 0.3625   67
 0.3675   90
 0.3725   87
 0.3775   83
 0.3825   97
 0.3875  105
 0.3925  106
 0.3975  106
 0.4025  117
 0.4075  110
 0.4125  113
 0.4175  112
 0.4225  125
 0.4275  140
 0.4325  141
 0.4375  173
 0.4425  189
 0.4475  205
 0.4525  286
 0.4575  345
 0.4625  454
 0.4675  652
 0.4725  866
 0.4775 1235
 0.4825 1613
 0.4875 2178
 0.4925 2867
 0.4975 3639
 0.5024 4371
 0.5074 5092
 0.5124 5781
 0.5174 6391
 0.5224 6746
 0.5274 6709
 0.5324 6444
 0.5374 5832
 0.5424 5212
 0.5474 4284
 0.5524 3371
 0.5574 2656
 0.5624 1927
 0.5674 1366
 0.5724  944
 0.5774  629
 0.5824  422
 0.5874  291
 0.5924  204
 0.5974  138
 0.6024  127
 0.6074  139
 0.6124  132
 0.6174  131
 0.6224  116
 0.6274  115
 0.6324  100
 0.6374  110
 0.6424  119
 0.6474  112
 0.6524  122
 0.6574  123
 0.6624  134
 0.6674  162
 0.6724  172
 0.6774  191
 0.6824  247
 0.6874  265
 0.6924  308
 0.6974  306
 0.7024  361
 0.7074  361
 0.7124  347
 0.7174  347
 0.7224  335
 0.7274  301
 0.7324  305
 0.7374  250
 0.7424  243
 0.7474  215
 0.7524  171
 0.7574  140
 0.7624  145
 0.7674  119
 0.7724   99
 0.7774   89
 0.7824  103
 0.7874   91
 0.7924   83
 0.7974   78
 0.8024   75
 0.8074   72
 0.8124   80
 0.8174   77
 0.8224   83
 0.8274   78
 0.8324   96
 0.8373   86
 0.8423   69
 0.8473   82
 0.8523   84
 0.8573  108
 0.8623   85
 0.8673   74
 0.8723   77
 0.8773   71
 0.8823   77
 0.8873   89
 0.8923   77
 0.8973   89
 0.9023   89
 0.9073   75
 0.9123   80
 0.9173   84
 0.9223   84
 0.9273   99
 0.9323   99
 0.9373   81
 0.9423   74
 0.9473  107
 0.9523   99
 0.9573  101
 0.9623   89
 0.9673  116
 0.9723  123
 0.9773  117
 0.9823  131
 0.9873  145
 0.9923  148
 0.9973  149
 1.0023  195
 1.0073  232
 1.0123  255
 1.0173  322
 1.0223  317
 1.0273  339
 1.0323  393
 1.0373  391
 1.0423  406
 1.0473  411
 1.0523  386
 1.0573  366
 1.0623  378
 1.0673  332
 1.0723  299
 1.0773  253
 1.0823  231
 1.0873  229
 1.0923  189
 1.0973  155
 1.1023  132
 1.1073  123
 1.1123  135
 1.1173  112
 1.1223  101
 1.1273  103
 1.1323   99
 1.1373  118
 1.1423   98
 1.1473  102
 1.1523  123
 1.1573   97
 1.1623  120
 1.1672  137
 1.1722  118
 1.1772   94
 1.1822  110
 1.1872  122
 1.1922  122
 1.1972  141
 1.2022  152
 1.2072  148
 1.2122  151
 1.2172  172
 1.2222  195
 1.2272  195
 1.2322  223
 1.2372  244
 1.2422  208
 1.2472  242
 1.2522  244
 1.2572  246
 1.2622  250
 1.2672  232
 1.2722  253
 1.2772  235
 1.2822  229
 1.2872  218
 1.2922  218
 1.2972  195
 1.3022  173
 1.3072  140
 1.3122  151
 1.3172  150
 1.3222  151
 1.3272  124
 1.3322  126
 1.3372  122
 1.3422  136
 1.3472  125
 1.3522  114
 1.3572  112
 1.3622  120
 1.3672  100
 1.3722  107
 1.3772  117
 1.3822  115
 1.3872  117
 1.3922  131
 1.3972  135
 1.4022  149
 1.4072  146
 1.4122  165
 1.4172  189
 1.4222  192
 1.4272  229
 1.4322  274
 1.4372  336
 1.4422  419
 1.4472  494
 1.4522  574
 1.4572  677
 1.4622  805
 1.4672  942
 1.4722 1008
 1.4772 1077
 1.4822 1110
 1.4872 1165
 1.4922 1223
 1.4972 1211
 1.5021 1127
 1.5071 1061
 1.5121  946
 1.5171  793
 1.5221  734
 1.5271  641
 1.5321  570
 1.5371  468
 1.5421  410
 1.5471  322
 1.5521  280
 1.5571  259
 1.5621  216
 1.5671  192
 1.5721  182
 1.5771  158
 1.5821  154
 1.5871  137
 1.5921  144
 1.5971  138
 1.6021  142
 1.6071  132
 1.6121  143
 1.6171  137
 1.6221  123
 1.6271  124
 1.6321  128
 1.6371  132
 1.6421  158
 1.6471  188
 1.6521  217
 1.6571  244
 1.6621  314
 1.6671  429
 1.6721  536
 1.6771  695
 1.6821  896
 1.6871 1176
 1.6921 1514
 1.6971 1866
 1.7021 2229
 1.7071 2682
 1.7121 3104
 1.7171 3478
 1.7221 3859
 1.7271 4158
 1.7321 4472
 1.7371 4561
 1.7421 4614
 1.7471 4633
 1.7521 4562
 1.7571 4382
 1.7621 4041
 1.7671 3611
 1.7721 3231
 1.7771 2797
 1.7821 2418
 1.7871 1983
 1.7921 1671
 1.7971 1331
 1.8021 1081
 1.8071  901
 1.8121  727
 1.8171  610
 1.8221  508
 1.8271  432
 1.8321  396
  1.837  355
  1.842  289
  1.847  249
  1.852  244
  1.857  220
  1.862  200
  1.867  179
  1.872  150
  1.877  144
  1.882  138
  1.887  137
  1.892  112
  1.897  105
  1.902  115
  1.907   98
  1.912   87
  1.917   85
  1.922   90
  1.927   82
  1.932   68
  1.937   72
  1.942   77
  1.947   79
  1.952   89
  1.957   89
  1.962   91
  1.967  100
  1.972  111
  1.977  119
  1.982  111
  1.987  106
  1.992  113
  1.997  120
  2.002  112
  2.007  117
  2.012  128
  2.017  123
  2.022  112
  2.027  121
  2.032  133
  2.037  127
  2.042  126
  2.047  122
  2.052  113
  2.057   95
  2.062   92
  2.067   92
  2.072   72
  2.077   70
  2.082   84
  2.087   77
  2.092   79
  2.097   79
  2.102   72
  2.107   74
  2.112   74
  2.117   72
  2.122   70
  2.127   72
  2.132   68
  2.137   68
  2.142   74
  2.147   85
  2.152   79
  2.157   70
  2.162   68
 2.1669   70
 2.1719   70
 2.1769   69
 2.1819   73
 2.1869   74
 2.1919   65
 2.1969   64
 2.2019   69
 2.2069   69
 2.2119   72
 2.2169   66
 2.2219   67
 2.2269   72
 2.2319   69
 2.2369   67
 2.2419   73
 2.2469   81
 2.2519   75
 2.2569   75
 2.2619   63
 2.2669   67
 2.2719   76
 2.2769   79
 2.2819   75
 2.2869   63
 2.2919   79
 2.2969   76
 2.3019   82
 2.3069   69
 2.3119   69
 2.3169   85
 2.3219   81
 2.3269   81
 2.3319   89
 2.3369   94
 2.3419   74
 2.3469   66
 2.3519   79
 2.3569   77
 2.3619   72
 2.3669   82
 2.3719   79
 2.3769   78
 2.3819   72
 2.3869   80
 2.3919   71
 2.3969   79
 2.4019   63
 2.4069   59
 2.4119   66
 2.4169   75
 2.4219   73
 2.4269   66
 2.4319   61
 2.4369   81
 2.4419   76
 2.4469   64
 2.4519   68
 2.4569   71
 2.4619   74
 2.4669   73
 2.4719   61
 2.4769   68
 2.4819   62
 2.4869   69
 2.4919   60
 2.4969   62
 2.5018   64
 2.5068   64
 2.5118   63
 2.5168   64
 2.5218   57
 2.5268   59
 2.5318   77
 2.5368   65
 2.5418   64
 2.5468   67
 2.5518   70
 2.5568   61
 2.5618   63
 2.5668   63
 2.5718   66
 2.5768   68
 2.5818   69
 2.5868   80
 2.5918   77
 2.5968   67
 2.6018   72
 2.6068   76
 2.6118   57
 2.6168   77
 2.6218   78
 2.6268   79
 2.6318   69
 2.6368   76
 2.6418   78
 2.6468   69
 2.6518   70
 2.6568   81
 2.6618   75
 2.6668   68
 2.6718   75
 2.6768   67
 2.6818   62
 2.6868   68
 2.6918   58
 2.6968   61
 2.7018   58
 2.7068   59
 2.7118   61
 2.7168   62
 2.7218   51
 2.7268   58
 2.7318   62
 2.7368   53
 2.7418   60
 2.7468   68
 2.7518   60
 2.7568   58
 2.7618   65
 2.7668   51
 2.7718   73
 2.7768   70
 2.7818   70
 2.7868   66
 2.7918   58
 2.7968   62
 2.8018   48
 2.8068   55
 2.8118   65
 2.8168   56
 2.8218   58
 2.8268   57
 2.8318   58
 2.8367   56
 2.8417   48
 2.8467   61
 2.8517   59
 2.8567   58
 2.8617   57
 2.8667   64
 2.8717   44
 2.8767   44
 2.8817   62
 2.8867   53
 2.8917   60
 2.8967   45
 2.9017   70
 2.9067   45
 2.9117   56
 2.9167   53
 2.9217   60
 2.9267   47
 2.9317   58
 2.9367   58
 2.9417   54
 2.9467   54
 2.9517   58
 2.9567   57
 2.9617   56
 2.9667   52
 2.9717   56
 2.9767   51
 2.9817   50
 2.9867   58
 2.9917   58
 2.9967   55
 3.0017   56
 3.0067   53
 3.0117   42
 3.0167   40
 3.0217   40
 3.0267   56
 3.0317   60
 3.0367   44
 3.0417   64
 3.0467   52
 3.0517   56
 3.0567   46
 3.0617   45
 3.0667   57
 3.0717   55
 3.0767   53
 3.0817   52
 3.0867   51
 3.0917   42
 3.0967   33
 3.1017   46
 3.1067   62
 3.1117   45
 3.1167   44
 3.1217   38
 3.1267   53
 3.1317   55
 3.1367   49
 3.1417   56
 3.1467   53
 3.1517   45
 3.1567   52
 3.1617   53
 3.1666   49
 3.1716   63
 3.1766   38
 3.1816   41
 3.1866   37
 3.1916   44
 3.1966   41
 3.2016   51
 3.2066   47
 3.2116   53
 3.2166   72
 3.2216   56
 3.2266   60
 3.2316   68
 3.2366   66
 3.2416   73
 3.2466   73
 3.2516   82
 3.2566   91
 3.2616   93
 3.2666  102
 3.2716  105
 3.2766  106
 3.2816  136
 3.2866  137
 3.2916  127
 3.2966  126
 3.3016  132
 3.3066  147
 3.3116  131
 3.3166  138
 3.3216  145
 3.3266  131
 3.3316  123
 3.3366  126
 3.3416  103
 3.3466  120
 3.3516   98
 3.3566  105
 3.3616   94
 3.3666   93
 3.3716   77
 3.3766   73
 3.3816   73
 3.3866   61
 3.3916   62
 3.3966   60
 3.4016   59
 3.4066   56
 3.4116   45
 3.4166   43
 3.4216   43
 3.4266   46
 3.4316   48
 3.4366   52
 3.4416   52
 3.4466   42
 3.4516   48
 3.4566   49
 3.4616   51
 3.4666   47
 3.4716   41
 3.4766   47
 3.4816   49
 3.4866   42
 3.4916   39
 3.4966   53
 3.5015   48
 3.5065   50
 3.5115   57
 3.5165   40
 3.5215   52
 3.5265   46
 3.5315   49
 3.5365   41
 3.5415   50
 3.5465   56
 3.5515   54
 3.5565   59
 3.5615   58
 3.5665   55
 3.5715   58
 3.5765   56
 3.5815   46
 3.5865   50
 3.5915   47
 3.5965   43
 3.6015   52
 3.6065   53
 3.6115   58
 3.6165   53
 3.6215   66
 3.6265   53
 3.6315   55
 3.6365   57
 3.6415   60
 3.6465   54
 3.6515   50
 3.6565   68
 3.6615   73
 3.6665   58
 3.6715   64
 3.6765   57
 3.6815   65
 3.6865   57
 3.6915   57
 3.6965   53
 3.7015   67
 3.7065   60
 3.7115   55
 3.7165   50
 3.7215   49
 3.7265   47
 3.7315   67
 3.7365   44
 3.7415   48
 3.7465   39
 3.7515   38
 3.7565   47
 3.7615   38
 3.7665   45
 3.7715   35
 3.7765   26
 3.7815   39
 3.7865   31
 3.7915   44
 3.7965   34
 3.8015   30
 3.8065   35
 3.8115   37
 3.8165   29
 3.8215   40
 3.8265   40
 3.8315   33
 3.8364   35
 3.8414   50
 3.8464   33
 3.8514   36
 3.8564   30
 3.8614   32
 3.8664   37
 3.8714   33
 3.8764   36
 3.8814   35
 3.8864   26
 3.8914   36
 3.8964   35
 3.9014   43
 3.9064   38
 3.9114   40
 3.9164   45
 3.9214   36
 3.9264   30
 3.9314   38
 3.9364   37
 3.9414   33
 3.9464   31
 3.9514   42
 3.9564   37
 3.9614   34
 3.9664   37
 3.9714   41
 3.9764   38
 3.9814   37
 3.9864   41
 3.9914   38
 3.9964   35
 4.0014   32
 4.0064   50
 4.0114   48
 4.0164   36
 4.0214   31
 4.0264   34
 4.0314   33
 4.0364   35
 4.0414   41
 4.0464   33
 4.0514   30
 4.0564   33
 4.0614   29
 4.0664   41
 4.0714   39
 4.0764   40
 4.0814   29
 4.0864   36
 4.0914   34
 4.0964   34
 4.1014   32
 4.1064   33
 4.1114   34
 4.1164   40
 4.1214   39
 4.1264   35
 4.1314   44
 4.1364   32
 4.1414   29
 4.1464   36
 4.1514   29
 4.1564   31
 4.1614   26
 4.1663   24
 4.1713   29
 4.1763   40
 4.1813   44
 4.1863   42
 4.1913   36
 4.1963   31
 4.2013   25
 4.2063   30
 4.2113   25
 4.2163   38
 4.2213   30
 4.2263   29
 4.2313   29
 4.2363   23
 4.2413   28
 4.2463   31
 4.2513   29
 4.2563   31
 4.2613   30
 4.2663   31
 4.2713   36
 4.2763   30
 4.2813   35
 4.2863   32
 4.2913   26
 4.2963   29
 4.3013   25
 4.3063   24
 4.3113   27
 4.3163   30
 4.3213   29
 4.3263   29
 4.3313   27
 4.3363   24
 4.3413   30
 4.3463   30
 4.3513   25
 4.3563   33
 4.3613   35
 4.3663   35
 4.3713   34
 4.3763   33
 4.3813   33
 4.3863   29
 4.3913   33
 4.3963   31
 4.4013   36
 4.4063   31
 4.4113   37
 4.4163   35
 4.4213   27
 4.4263   26
 4.4313   28
 4.4363   40
 4.4413   36
 4.4463   35
 4.4513   38
 4.4563   33
 4.4613   31
 4.4663   37
 4.4713   37
 4.4763   38
 4.4813   46
 4.4863   39
 4.4913   37
 4.4963   31
 4.5012   35
 4.5062   40
 4.5112   49
 4.5162   46
 4.5212   42
 4.5262   39
 4.5312   45
 4.5362   41
 4.5412   36
 4.5462   34
 4.5512   27
 4.5562   29
 4.5612   38
 4.5662   34
 4.5712   31
 4.5762   34
 4.5812   31
 4.5862   29
 4.5912   30
 4.5962   33
 4.6012   30
 4.6062   26
 4.6112   22
 4.6162   24
 4.6212   33
 4.6262   32
 4.6312   30
 4.6362   29
 4.6412   25
 4.6462   28
 4.6512   26
 4.6562   25
 4.6612   30
 4.6662   27
 4.6712   25
 4.6762   28
 4.6812   33
 4.6862   27
 4.6912   25
 4.6962   26
 4.7012   27
 4.7062   28
 4.7112   29
 4.7162   26
 4.7212   23
 4.7262   20
 4.7312   24
 4.7362   27
 4.7412   25
 4.7462   23
 4.7512   23
 4.7562   27
 4.7612   23
 4.7662   21
 4.7712   29
 4.7762   25
 4.7812   22
 4.7862   23
 4.7912   21
 4.7962   26
 4.8012   28
 4.8062   27
 4.8112   28
 4.8162   32
 4.8212   29
 4.8262   22
 4.8312   22
 4.8361   23
 4.8411   25
 4.8461   27
 4.8511   26
 4.8561   25
 4.8611   27
 4.8661   24
 4.8711   28
 4.8761   31
 4.8811   26
 4.8861   26
 4.8911   28
 4.8961   24
 4.9011   23
 4.9061   25
 4.9111   29
 4.9161   27
 4.9211   28
 4.9261   30
 4.9311   24
 4.9361   21
 4.9411   23
 4.9461   22
 4.9511   23
 4.9561   25
 4.9611   21
 4.9661   23
 4.9711   23
 4.9761   21
 4.9811   14
 4.9861   15
 4.9911   23
 4.9961   25
 5.0011   21
 5.0061   20
 5.0111   22
 5.0161   23
 5.0211   27
 5.0261   24
 5.0311   20
 5.0361   20
 5.0411   25
 5.0461   21
 5.0511   18
 5.0561   20
 5.0611   17
 5.0661   23
 5.0711   25
 5.0761   25
 5.0811   24
 5.0861   24
 5.0911   18
 5.0961   23
 5.1011   22
 5.1061   16
 5.1111   21
 5.1161   22
 5.1211   24
 5.1261   26
 5.1311   24
 5.1361   22
 5.1411   20
 5.1461   18
 5.1511   14
 5.1561   20
 5.1611   22
  5.166   20
  5.171   24
  5.176   26
  5.181   25
  5.186   23
  5.191   18
  5.196   15
  5.201   18
  5.206   19
  5.211   19
  5.216   17
  5.221   18
  5.226   24
  5.231   20
  5.236   20
  5.241   18
  5.246   17
  5.251   20
  5.256   25
  5.261   28
  5.266   25
  5.271   25
  5.276   23
  5.281   17
  5.286   17
  5.291   18
  5.296   22
  5.301   18
  5.306   16
  5.311   18
  5.316   19
  5.321   15
  5.326   24
  5.331   23
  5.336   16
  5.341   17
  5.346   19
  5.351   21
  5.356   17
  5.361   21
  5.366   27
  5.371   25
  5.376   21
  5.381   15
  5.386   17
  5.391   18
  5.396   16
  5.401   16
  5.406   22
  5.411   17
  5.416   21
  5.421   16
  5.426   19
  5.431   20
  5.436   18
  5.441   21
  5.446   25
  5.451   19
  5.456   22
  5.461   23
  5.466   17
  5.471   19
  5.476   20
  5.481   14
  5.486   13
  5.491   17
  5.496   22
 5.5009   20
 5.5059   14
 5.5109   14
 5.5159   17
 5.5209   20
 5.5259   16
 5.5309   16
 5.5359   17
 5.5409   11
 5.5459   10
 5.5509   18
 5.5559   18
 5.5609   15
 5.5659   19
 5.5709   23
 5.5759   22
 5.5809   10
 5.5859   17
 5.5909   15
 5.5959   28
 5.6009   24
 5.6059   16
 5.6109   13
 5.6159   10
 5.6209   14
 5.6259   17
 5.6309   16
 5.6359   21
 5.6409   21
 5.6459   22
 5.6509   18
 5.6559   21
 5.6609   17
 5.6659   11
 5.6709   17
 5.6759   15
 5.6809   13
 5.6859   26
 5.6909   16
 5.6959   11
 5.7009   12
 5.7059   19
 5.7109   16
 5.7159    9
 5.7209   13
 5.7259   15
 5.7309   14
 5.7359   18
 5.7409   14
 5.7459   12
 5.7509   12
 5.7559   22
 5.7609   19
 5.7659   12
 5.7709   14
 5.7759   15
 5.7809   14
 5.7859   22
 5.7909   14
 5.7959   21
 5.8009   12
 5.8059   19
 5.8109    9
 5.8159   18
 5.8209   13
 5.8259   10
 5.8309   16
 5.8358   15
 5.8408   14
 5.8458   16
 5.8508   20
 5.8558   19
 5.8608   19
 5.8658   14
 5.8708   12
 5.8758   18
 5.8808   14
 5.8858   22
 5.8908   15
 5.8958   24
 5.9008   19
 5.9058   14
 5.9108   23
 5.9158   19
 5.9208   22
 5.9258   16
 5.9308   17
 5.9358   16
 5.9408   16
 5.9458   17
 5.9508   14
 5.9558   13
 5.9608   17
 5.9658   19
 5.9708   11
 5.9758   16
 5.9808    9
 5.9858   12
 5.9908   11
 5.9958   18
 6.0008   20
 6.0058   13
 6.0108   12
 6.0158   14
 6.0208   12
 6.0258   12
 6.0308   21
 6.0358   15
 6.0408    9
 6.0458   15
 6.0508   15
 6.0558   17
 6.0608   19
 6.0658   13
 6.0708   12
 6.0758   14
 6.0808   15
 6.0858   19
 6.0908   17
 6.0958   19
 6.1008   15
 6.1058   17
 6.1108   15
 6.1158   11
 6.1208   11
 6.1258   18
 6.1308   12
 6.1358   17
 6.1408   14
 6.1458   12
 6.1508   16
 6.1558   13
 6.1608   14
 6.1657   12
 6.1707   15
 6.1757   11
 6.1807   10
 6.1857   10
 6.1907   16
 6.1957   13
 6.2007   10
 6.2057   17
 6.2107   15
 6.2157   13
 6.2207   23
 6.2257   11
 6.2307   14
 6.2357   15
 6.2407    9
 6.2457   16
 6.2507   24
 6.2557   18
 6.2607   11
 6.2657   22
 6.2707   21
 6.2757   16
 6.2807   21
 6.2857   16
 6.2907   16
 6.2957   28
 6.3007   28
 6.3057   18
 6.3107   25
 6.3157   29
 6.3207   39
 6.3257   51
 6.3307   49
 6.3357   34
 6.3407   42
 6.3457   55
 6.3507   56
 6.3557   68
 6.3607   61
 6.3657   72
 6.3707   84
 6.3757   83
 6.3807   88
 6.3857   83
 6.3907   97
 6.3957   60
 6.4007   88
 6.4057   75
 6.4107   74
 6.4157   84
 6.4207   65
 6.4257   81
 6.4307   60
 6.4357   86
 6.4407   63
 6.4457   74
 6.4507   68
 6.4557   51
 6.4607   42
 6.4657   32
 6.4707   37
 6.4757   45
 6.4807   25
 6.4857   41
 6.4907   36
 6.4957   27
 6.5006   22
 6.5056   19
 6.5106   15
 6.5156   18
 6.5206   20
 6.5256   13
 6.5306   19
 6.5356   17
 6.5406   17
 6.5456   14
 6.5506   13
 6.5556   19
 6.5606   11
 6.5656   11
 6.5706   10
 6.5756    9
 6.5806    8
 6.5856    8
 6.5906   12
 6.5956   11
 6.6006   12
 6.6056    7
 6.6106   11
 6.6156    8
 6.6206   17
 6.6256   12
 6.6306   11
 6.6356    7
 6.6406   10
 6.6456   16
 6.6506    9
 6.6556   18
 6.6606   10
 6.6656   12
 6.6706   10
 6.6756   15
 6.6806    8
 6.6856   12
 6.6906   13
 6.6956   10
 6.7006   21
 6.7056   11
 6.7106    9
 6.7156    9
 6.7206   13
 6.7256    8
 6.7306    9
 6.7356   16
 6.7406    9
 6.7456   12
 6.7506   12
 6.7556    8
 6.7606    9
 6.7656   13
 6.7706   10
 6.7756   10
 6.7806   11
 6.7856   10
 6.7906    9
 6.7956   11
 6.8006    9
 6.8056   18
 6.8106   12
 6.8156   14
 6.8206   12
 6.8256   14
 6.8306    7
 6.8355   18
 6.8405   10
 6.8455    1
 6.8505   13
 6.8555    3
 6.8605   10
 6.8655    9
 6.8705   12
 6.8755    7
 6.8805    8
 6.8855   10
 6.8905    7
 6.8955    4
 6.9005   15
 6.9055   10
 6.9105   19
 6.9155   12
 6.9205    5
 6.9255   14
 6.9305   11
 6.9355   13
 6.9405   12
 6.9455   17
 6.9505   19
 6.9555   10
 6.9605   14
 6.9655   13
 6.9705   11
 6.9755   10
 6.9805    9
 6.9855   14
 6.9905   10
 6.9955   17
 7.0005   10
 7.0055   16
 7.0105   13
 7.0155   17
 7.0205   24
 7.0255   19
 7.0305   11
 7.0355   20
 7.0405   15
 7.0455   21
 7.0505   19
 7.0555   14
 7.0605   19
 7.0655   21
 7.0705   17
 7.0755    9
 7.0805   17
 7.0855   14
 7.0905   13
 7.0955   15
 7.1005   10
 7.1055   22
 7.1105   20
 7.1155   13
 7.1205   12
 7.1255   13
 7.1305    8
 7.1355   11
 7.1405   16
 7.1455   11
 7.1505    7
 7.1555   12
 7.1605    8
 7.1654    6
 7.1704    9
 7.1754   11
 7.1804    6
 7.1854   12
 7.1904   10
 7.1954   13
 7.2004   14
 7.2054    5
 7.2104    7
 7.2154   14
 7.2204    7
 7.2254   14
 7.2304    8
 7.2354    8
 7.2404    7
 7.2454    9
 7.2504    5
 7.2554    6
 7.2604    7
 7.2654    6
 7.2704    6
 7.2754    4
 7.2804    2
 7.2854    6
 7.2904    6
 7.2954   11
 7.3004    5
 7.3054    5
 7.3104    4
 7.3154    6
 7.3204    7
 7.3254    5
 7.3304    4
 7.3354    9
 7.3404   10
 7.3454    6
 7.3504   11
 7.3554    6
 7.3604    7
 7.3654    5
 7.3704    8
 7.3754    6
 7.3804   10
 7.3854   12
 7.3904    7
 7.3954    9
 7.4004    4
 7.4054    7
 7.4104    5
 7.4154    5
 7.4204    5
 7.4254    5
 7.4304    8
 7.4354    7
 7.4404    2
 7.4454    5
 7.4504    3
 7.4554    4
 7.4604    7
 7.4654    8
 7.4704    6
 7.4754    7
 7.4804    7
 7.4854    6
 7.4904    6
 7.4954    8
 7.5003    3
 7.5053   10
 7.5103    5
 7.5153    7
 7.5203    4
 7.5253    7
 7.5303    4
 7.5353    8
 7.5403    5
 7.5453    5
 7.5503    7
 7.5553    9
 7.5603   11
 7.5653   10
 7.5703   10
 7.5753    7
 7.5803    9
 7.5853    8
 7.5903    6
 7.5953    6
 7.6003    5
 7.6053    6
 7.6103   10
 7.6153    5
 7.6203    8
 7.6253    9
 7.6303    5
 7.6353    2
 7.6403    3
 7.6453   10
 7.6503   11
 7.6553    4
 7.6603    9
 7.6653    9
 7.6703    8
 7.6753    8
 7.6803    7
 7.6853    5
 7.6903    3
 7.6953    5
 7.7003    7
 7.7053    8
 7.7103    7
 7.7153    1
 7.7203    5
 7.7253    5
 7.7303    5
 7.7353   11
 7.7403    7
 7.7453    6
 7.7503    4
 7.7553    7
 7.7603    7
 7.7653    3
 7.7703    4
 7.7753    5
 7.7803    7
 7.7853    7
 7.7903    7
 7.7953    5
 7.8003   10
 7.8053    5
 7.8103    7
 7.8153    8
 7.8203    5
 7.8253    7
 7.8303    6
 7.8352    8
 7.8402    6
 7.8452    6
 7.8502    9
 7.8552    3
 7.8602    8
 7.8652    7
 7.8702   15
 7.8752    4
 7.8802    4
 7.8852    5
 7.8902    3
 7.8952    6
 7.9002    8
 7.9052    7
 7.9102    7
 7.9152    5
 7.9202    4
 7.9252    3
 7.9302    5
 7.9352    6
 7.9402    7
 7.9452    5
 7.9502    8
 7.9552    4
 7.9602    5
 7.9652    4
 7.9702    7
 7.9752    4
 7.9802    4
 7.9852    3
 7.9902    3
 7.9952    5
 8.0002    8
 8.0052    3
 8.0102    4
 8.0152    1
 8.0202    6
 8.0252    6
 8.0302    3
 8.0352    6
 8.0402    4
 8.0452    7
 8.0502    7
 8.0552    6
 8.0602    2
 8.0652    5
 8.0702    8
 8.0752    4
 8.0802    5
 8.0852    2
 8.0902    3
 8.0952    2
 8.1002    5
 8.1052    7
 8.1102    3
 8.1152    6
 8.1202    4
 8.1252    4
 8.1302    7
 8.1352    3
 8.1402    6
 8.1452    8
 8.1502    4
 8.1552    3
 8.1602    4
 8.1651    2
 8.1701    3
 8.1751    4
 8.1801    2
 8.1851    3
 8.1901    4
 8.1951    4
 8.2001    2
 8.2051    4
 8.2101    2
 8.2151    3
 8.2201    2
 8.2251    6
 8.2301    4
 8.2351    3
 8.2401    2
 8.2451    4
 8.2501    5
 8.2551    4
 8.2601    5
 8.2651    4
 8.2701    6
 8.2751    3
 8.2801    2
 8.2851    3
 8.2901    1
 8.2951    6
 8.3001    2
 8.3051    2
 8.3101    2
 8.3151    9
 8.3201    4
 8.3251    4
 8.3301    6
 8.3351    3
 8.3401    6
 8.3451    7
 8.3501    3
 8.3551    0
 8.3601    3
 8.3651    3
 8.3701    2
 8.3751    4
 8.3801    6
 8.3851    1
 8.3901    2
 8.3951    2
 8.4001    5
 8.4051    7
 8.4101    7
 8.4151    3
 8.4201    4
 8.4251    3
 8.4301    5
 8.4351    1
 8.4401    4
 8.4451    8
 8.4501    3
 8.4551    5
 8.4601    1
 8.4651    4
 8.4701    4
 8.4751    6
 8.4801    6
 8.4851    3
 8.4901    1
 8.4951    3
    8.5    2
  8.505    5
   8.51    0
  8.515    4
   8.52    5
  8.525    1
   8.53    5
  8.535    3
   8.54    5
  8.545    1
   8.55    4
  8.555    2
   8.56    0
  8.565    0
   8.57    4
  8.575    3
   8.58    3
  8.585    5
   8.59    5
  8.595    3
    8.6    3
  8.605    5
   8.61    6
  8.615    2
   8.62    2
  8.625    3
   8.63    1
  8.635    2
   8.64    2
  8.645    2
   8.65    2
  8.655    4
   8.66    2
  8.665    1
   8.67    3
  8.675    4
   8.68    2
  8.685    3
   8.69    2
  8.695    3
    8.7    3
  8.705    1
   8.71    1
  8.715    4
   8.72    3
  8.725    2
   8.73    5
  8.735    1
   8.74    3
  8.745    4
   8.75    0
  8.755    2
   8.76    2
  8.765    2
   8.77    2
  8.775    2
   8.78    3
  8.785    2
   8.79    4
  8.795    1
    8.8    2
  8.805    3
   8.81    0
  8.815    3
   8.82    1
  8.825    1
   8.83    1
 8.8349    3
 8.8399    1
 8.8449    2
 8.8499    4
 8.8549    4
 8.8599    0
 8.8649    2
 8.8699    1
 8.8749    1
 8.8799    2
 8.8849    2
 8.8899    4
 8.8949    1
 8.8999    5
 8.9049    2
 8.9099    3
 8.9149    4
 8.9199    0
 8.9249    1
 8.9299    2
 8.9349    2
 8.9399    1
 8.9449    0
 8.9499    0
 8.9549    2
 8.9599    3
 8.9649    2
 8.9699    0
 8.9749    5
 8.9799    1
 8.9849    1
 8.9899    0
 8.9949    2
 8.9999    2
 9.0049    1
 9.0099    4
 9.0149    0
 9.0199    1
 9.0249    1
 9.0299    2
 9.0349    0
 9.0399    1
 9.0449    1
 9.0499    1
 9.0549    1
 9.0599    1
 9.0649    1
 9.0699    2
 9.0749    1
 9.0799    2
 9.0849    2
 9.0899    1
 9.0949    3
 9.0999    0
 9.1049    2
 9.1099    0
 9.1149    1
 9.1199    4
 9.1249    4
 9.1299    1
 9.1349    2
 9.1399    0
 9.1449    1
 9.1499    0
 9.1549    4
 9.1599    3
 9.1648    0
 9.1698    0
 9.1748    1
 9.1798    1
 9.1848    1
 9.1898    1
 9.1948    1
 9.1998    3
 9.2048    0
 9.2098    0
 9.2148    2
 9.2198    3
 9.2248    0
 9.2298    0
 9.2348    1
 9.2398    3
 9.2448    0
 9.2498    0
 9.2548    0
 9.2598    1
 9.2648    1
 9.2698    1
 9.2748    1
 9.2798    0
 9.2848    0
 9.2898    4
 9.2948    0
 9.2998    1
 9.3048    0
 9.3098    0
 9.3148    0
 9.3198    1
 9.3248    1
 9.3298    0
 9.3348    1
 9.3398    0
 9.3448    1
 9.3498    1
 9.3548    1
 9.3598    1
 9.3648    0
 9.3698    0
 9.3748    0
 9.3798    0
 9.3848    4
 9.3898    2
 9.3948    0
 9.3998    1
 9.4048    0
 9.4098    1
 9.4148    3
 9.4198    0
 9.4248    0
 9.4298    0
 9.4348    0
 9.4398    0
 9.4448    0
 9.4498    0
 9.4548    0
 9.4598    0
 9.4648    0
 9.4698    0
 9.4748    0
 9.4798    0
 9.4848    0
 9.4898    0
 9.4948    1
 9.4997    0
 9.5047    0
 9.5097    0
 9.5147    1
 9.5197    0
 9.5247    0
 9.5297    0
 9.5347    0
 9.5397    0
 9.5447    0
 9.5497    0
 9.5547    0
 9.5597    0
 9.5647    0
 9.5697    1
 9.5747    0
 9.5797    1
 9.5847    0
 9.5897    0
 9.5947    0
 9.5997    0
 9.6047    0
 9.6097    0
 9.6147    0
 9.6197    0
 9.6247    0
 9.6297    0
 9.6347    0
 9.6397    0
 9.6447    0
 9.6497    0
 9.6547    0
 9.6597    0
 9.6647    0
 9.6697    0
 9.6747    0
 9.6797    0
 9.6847    0
 9.6897    0
 9.6947    0
 9.6997    0
 9.7047    0
 9.7097    0
 9.7147    0
 9.7197    0
 9.7247    0
 9.7297    0
 9.7347    1
